% time (yyyyDDD),wavelength (nm),irradiance (W/m^2/nm),uncertainty (unitless)
1999047,0.05,8.550073982149797E-10,73.76863098144531
1999047,0.15,5.2686402796098264E-8,11.633414268493652
1999047,0.25,4.0877833384911355E-7,3.061088800430298
1999047,0.35,1.4635477327828994E-6,1.3514430522918701
1999047,0.45,4.2743376980070025E-6,0.7874619364738464
1999047,0.55,1.5193465515039861E-5,0.5942615270614624
1999047,0.65,2.359414975217078E-5,0.5063351392745972
1999047,0.75,2.3791993953636847E-5,0.47732052206993103
1999047,0.85,3.8110789319034666E-5,0.35972005128860474
1999047,0.95,5.776418402092531E-5,0.3717462420463562
1999047,1.05,7.427916716551408E-5,0.3520161509513855
1999047,1.15,9.850803326116875E-5,0.363992303609848
1999047,1.25,1.4101348642725497E-4,0.30176013708114624
1999047,1.35,2.0546282758004963E-4,0.32852908968925476
1999047,1.45,3.1818775460124016E-4,0.31061550974845886
1999047,1.55,4.0883044130168855E-4,0.32082536816596985
1999047,1.65,4.2516872053965926E-4,0.2920944392681122
1999047,1.75,3.5488043795339763E-4,0.23620744049549103
1999047,1.85,2.3456578492186964E-4,0.20189321041107178
1999047,1.95,1.1674400593619794E-4,0.15964573621749878
1999047,2.05,1.736367412377149E-4,0.10789584368467331
1999047,2.15,1.604588469490409E-4,0.10841736197471619
1999047,2.25,1.5543604968115687E-4,0.10455789417028427
1999047,2.35,3.69895133189857E-5,0.1405307501554489
1999047,2.45,3.6508125049294904E-5,0.1519077867269516
1999047,2.55,3.682152964756824E-5,0.13437511026859283
1999047,2.65,2.224646414106246E-5,0.1468762308359146
1999047,2.75,3.4118864277843386E-5,0.11233719438314438
1999047,2.85,3.666841075755656E-5,0.10492724180221558
1999047,2.95,3.712886609719135E-5,0.10177529603242874
1999047,3.05,2.661609323695302E-5,0.11662929505109787
1999047,3.15,2.5841125534498133E-5,0.13318559527397156
1999047,3.25,6.154156289994717E-5,0.10586277395486832
1999047,3.35,6.400638812920079E-5,0.10538693517446518
1999047,3.45,5.992691149003804E-5,0.0962771475315094
1999047,3.55,2.892975498980377E-5,0.11123596131801605
1999047,3.65,2.6404020900372416E-5,0.12526419758796692
1999047,3.75,2.1542295144172385E-5,0.13438737392425537
1999047,3.85,2.2244672436499968E-5,0.11855641007423401
1999047,3.95,8.437201904598624E-5,0.07506070286035538
1999047,4.05,8.762057404965162E-5,0.0769338458776474
1999047,4.15,8.973383228294551E-5,0.07561036199331284
1999047,4.25,4.197576708975248E-5,0.10367490351200104
1999047,4.35,6.252305320231244E-5,0.1041678711771965
1999047,4.45,6.206655234564096E-5,0.1108097955584526
1999047,4.55,7.298361015273258E-5,0.10712025314569473
1999047,4.65,6.498186121461913E-5,0.10007461160421371
1999047,4.75,6.04805609327741E-5,0.09279663860797882
1999047,4.85,4.655361408367753E-5,0.0880870521068573
1999047,4.95,7.675977394683287E-5,0.08869737386703491
1999047,5.05,7.339926378335804E-5,0.09292202442884445
1999047,5.15,7.687984179938212E-5,0.09181728959083557
1999047,5.25,3.617801849031821E-5,0.10161979496479034
1999047,5.35,5.2140483603579924E-5,0.10180166363716125
1999047,5.45,6.976183067308739E-5,0.08606956154108047
1999047,5.55,7.841943443054333E-5,0.08113593608140945
1999047,5.65,7.906983228167519E-5,0.07549580186605453
1999047,5.75,4.40223011537455E-5,0.08219509571790695
1999047,5.85,3.692583413794637E-5,0.08974173665046692
1999047,5.95,2.701897574297618E-5,0.08097367733716965
1999047,6.05,1.028604747261852E-4,0.07308749109506607
1999047,6.15,1.2014724779874086E-4,0.0608387291431427
1999047,6.25,1.5723702381365E-4,0.07907816767692566
1999047,6.35,1.509777648607269E-4,0.09581480175256729
1999047,6.45,7.457863830495626E-5,0.06623619049787521
1999047,6.55,1.117209394578822E-4,0.08685383945703506
1999047,6.65,1.1200008884770796E-4,0.09255874902009964
1999047,6.75,7.762310997350141E-5,0.06566590815782547
1999047,6.85,5.393395258579403E-5,0.06834683567285538
1999047,6.95,1.6380571469198912E-4,0.07518769800662994
1999047,7.05,9.877813863568008E-5,0.06725329905748367
1999047,7.15,9.824297012528405E-5,0.0670185312628746
1999047,7.25,1.0508512059459463E-4,0.057444002479314804
1999047,7.35,8.059677929850295E-5,0.07188411056995392
1999047,7.45,7.740806177025661E-5,0.05728941410779953
1999047,7.55,1.0366372589487582E-4,0.06903598457574844
1999047,7.65,1.0442099301144481E-4,0.08592043817043304
1999047,7.75,7.551135786343366E-5,0.060204632580280304
1999047,7.85,6.530332029797137E-5,0.06153684854507446
1999047,7.95,6.273876351770014E-5,0.06349128484725952
1999047,8.05,6.99009106028825E-5,0.07049145549535751
1999047,8.15,7.532058225478977E-5,0.05690692737698555
1999047,8.25,1.1108904436696321E-4,0.06140004098415375
1999047,8.35,9.862954175332561E-5,0.05750240385532379
1999047,8.45,8.498715760651976E-5,0.06292467564344406
1999047,8.55,7.01027165632695E-5,0.06399614363908768
1999047,8.65,6.032615783624351E-5,0.055517181754112244
1999047,8.75,5.5268596042878926E-5,0.05493966490030289
1999047,8.85,6.082432082621381E-5,0.054909054189920425
1999047,8.95,6.531269900733605E-5,0.06112305447459221
1999047,9.05,6.106120417825878E-5,0.06028135493397713
1999047,9.15,6.668418063782156E-5,0.05844702571630478
1999047,9.25,6.172763096401468E-5,0.06047568470239639
1999047,9.35,7.159595406847075E-5,0.07167313247919083
1999047,9.45,4.7584751882823184E-5,0.07983175665140152
1999047,9.55,6.266772834351286E-5,0.053805332630872726
1999047,9.65,6.1086866480764E-5,0.05707315728068352
1999047,9.75,4.8294688895111904E-5,0.0490104965865612
1999047,9.85,5.5715117923682556E-5,0.05411165952682495
1999047,9.95,3.4118413168471307E-5,0.05416690558195114
1999047,10.05,5.72278986510355E-5,0.05513573810458183
1999047,10.15,4.242847717250697E-5,0.05950899049639702
1999047,10.25,4.933749733027071E-5,0.058111414313316345
1999047,10.35,7.004191866144538E-5,0.054050322622060776
1999047,10.45,4.2309540731366724E-5,0.06294341385364532
1999047,10.55,3.7300458643585443E-5,0.056500792503356934
1999047,10.65,2.5646022550063208E-5,0.05165548250079155
1999047,10.75,2.1956879209028557E-5,0.058164406567811966
1999047,10.85,3.4483429772080854E-5,0.07601193338632584
1999047,10.95,2.4307091734954156E-5,0.06560255587100983
1999047,11.05,1.8659295164979994E-5,0.055987827479839325
1999047,11.15,3.710086093633436E-5,0.05529594048857689
1999047,11.25,2.411227615084499E-5,0.05465884134173393
1999047,11.35,2.6824431188288145E-5,0.052495311945676804
1999047,11.45,2.731197491812054E-5,0.05595966801047325
1999047,11.55,2.4700129870325327E-5,0.045864276587963104
1999047,11.65,3.4977747418452054E-5,0.045225437730550766
1999047,11.75,2.9182303478592075E-5,0.06503499299287796
1999047,11.85,1.7109679902205244E-5,0.06156653165817261
1999047,11.95,1.7136873793788254E-5,0.05094623565673828
1999047,12.05,1.8626373275765218E-5,0.06125587597489357
1999047,12.15,1.8958604414365254E-5,0.0642561987042427
1999047,12.25,1.793841875041835E-5,0.05193578079342842
1999047,12.35,2.111920912284404E-5,0.05377743020653725
1999047,12.45,1.2774985407304484E-5,0.060421545058488846
1999047,12.55,1.040803090290865E-5,0.06031506136059761
1999047,12.65,8.744899787416216E-6,0.06137313321232796
1999047,12.75,1.3060153833066579E-5,0.04843254014849663
1999047,12.85,1.2629958291654475E-5,0.08645198494195938
1999047,12.95,1.5202228496491443E-5,0.05567970871925354
1999047,13.05,1.9143441022606567E-5,0.044016141444444656
1999047,13.15,2.4707804186618887E-5,0.0581839457154274
1999047,13.25,1.40475676744245E-5,0.09540361911058426
1999047,13.35,1.404326394549571E-5,0.0913761556148529
1999047,13.45,1.5829746189410798E-5,0.06128103658556938
1999047,13.55,1.0091848707816098E-5,0.07216023653745651
1999047,13.65,1.2892662198282778E-5,0.05614478886127472
1999047,13.75,1.1853111573145725E-5,0.05624702572822571
1999047,13.85,1.458624865335878E-5,0.049812737852334976
1999047,13.95,1.3118033166392706E-5,0.058515943586826324
1999047,14.05,2.0365330783533864E-5,0.05614757165312767
1999047,14.15,1.9214610802009702E-5,0.07831728458404541
1999047,14.25,1.1122167052235454E-5,0.05650423839688301
1999047,14.35,1.4787297004659194E-5,0.048197101801633835
1999047,14.45,3.069632293772884E-5,0.05336099490523338
1999047,14.55,2.9261067538755015E-5,0.05678263306617737
1999047,14.65,2.024471905315295E-5,0.0565829873085022
1999047,14.75,3.125250805169344E-5,0.053857408463954926
1999047,14.85,1.1698513844748959E-4,0.056791629642248154
1999047,14.95,2.5248224119422957E-5,0.041149791330099106
1999047,15.05,3.510020178509876E-5,0.036774661391973495
1999047,15.15,3.775993172894232E-5,0.05447734147310257
1999047,15.25,7.355593697866425E-5,0.07987414300441742
1999047,15.35,2.4827648303471506E-5,0.06378679722547531
1999047,15.45,4.409775647218339E-5,0.07473169267177582
1999047,15.55,1.4490311514236964E-5,0.0633658617734909
1999047,15.65,1.4765870218980126E-5,0.06676691770553589
1999047,15.75,4.701956277131103E-5,0.0873018279671669
1999047,15.85,3.5180506529286504E-5,0.06933408230543137
1999047,15.95,1.9895602235919796E-5,0.05697987228631973
1999047,16.05,3.095096690231003E-5,0.0642818957567215
1999047,16.15,2.0985065930290148E-5,0.08990832418203354
1999047,16.25,2.1103272956679575E-5,0.06953387707471848
1999047,16.35,2.4302087695105E-5,0.0688171535730362
1999047,16.45,4.3196276237722486E-5,0.09139351546764374
1999047,16.55,2.760284587566275E-5,0.05751919373869896
1999047,16.65,2.5986082619056106E-5,0.05904650315642357
1999047,16.75,7.230222399812192E-5,0.06267616152763367
1999047,16.85,1.0523867240408435E-4,0.06920984387397766
1999047,16.95,7.810931128915399E-5,0.05664447695016861
1999047,17.05,2.7264474192634225E-4,0.060507673770189285
1999047,17.15,4.0833267848938704E-4,0.07402054220438004
1999047,17.25,5.3470124839805067E-5,0.036123767495155334
1999047,17.35,6.924063200131059E-5,0.04017972946166992
1999047,17.45,5.950275808572769E-4,0.05718471482396126
1999047,17.55,1.2916384730488062E-4,0.07025448232889175
1999047,17.65,1.4123297296464443E-4,0.05838931351900101
1999047,17.75,3.551999689079821E-4,0.061474863439798355
1999047,17.85,6.428101914934814E-5,0.06159014627337456
1999047,17.95,1.0771633969852701E-4,0.05646451562643051
1999047,18.05,6.457378622144461E-4,0.05796676129102707
1999047,18.15,9.87899984465912E-5,0.06349083036184311
1999047,18.25,1.1703724157996476E-4,0.06321817636489868
1999047,18.35,4.774791523232125E-5,0.04771154373884201
1999047,18.45,2.0766429952345788E-4,0.05355161055922508
1999047,18.55,9.530069655738771E-5,0.0691482424736023
1999047,18.65,1.705077156657353E-4,0.06324753910303116
1999047,18.75,1.8357137741986662E-4,0.05886896327137947
1999047,18.85,4.711241344921291E-4,0.05976182594895363
1999047,18.95,1.0324655886506662E-4,0.05908984690904617
1999047,19.05,9.621265780879185E-5,0.06130021810531616
1999047,19.15,8.748861000640318E-5,0.05806402862071991
1999047,19.25,2.855418133549392E-4,0.061670321971178055
1999047,19.35,4.3081643525511026E-4,0.06949283927679062
1999047,19.45,2.5854536215774715E-4,0.06610952317714691
1999047,19.55,4.180282703600824E-4,0.07930690050125122
1999047,19.65,9.40955724217929E-5,0.06893499195575714
1999047,19.75,6.787923484807834E-5,0.06517505645751953
1999047,19.85,5.911250627832487E-5,0.054788004606962204
1999047,19.95,5.5855158279882744E-5,0.06783217191696167
1999047,20.05,1.0182743426412344E-4,0.07244300097227097
1999047,20.15,3.219633945263922E-4,0.08728882670402527
1999047,20.25,3.1841002055443823E-4,0.09185483306646347
1999047,20.35,2.364295069128275E-4,0.08941444009542465
1999047,20.45,1.3102909724693745E-4,0.10874079912900925
1999047,20.55,4.903879380435683E-5,0.07223594188690186
1999047,20.65,5.532638169825077E-5,0.06132510304450989
1999047,20.75,6.979909085202962E-5,0.05399785935878754
1999047,20.85,6.488800863735378E-5,0.06393824517726898
1999047,20.95,1.2919715663883835E-4,0.07446896284818649
1999047,21.05,1.2653104204218835E-4,0.08613003045320511
1999047,21.15,3.9198712329380214E-4,0.11718763411045074
1999047,21.25,5.0466500397305936E-5,0.07700110971927643
1999047,21.35,5.408752986113541E-5,0.0689813420176506
1999047,21.45,5.950618287897669E-5,0.061102494597435
1999047,21.55,4.698725024354644E-5,0.0584048293530941
1999047,21.65,7.445053779520094E-5,0.056641317903995514
1999047,21.75,9.295656491303816E-5,0.056467700749635696
1999047,21.85,1.0140387894352898E-4,0.07247176021337509
1999047,21.95,1.5960856399033219E-4,0.08383302390575409
1999047,22.05,1.4216431009117514E-4,0.07457489520311356
1999047,22.15,1.1110129707958549E-4,0.06526077538728714
1999047,22.25,7.663530413992703E-5,0.0625079870223999
1999047,22.35,9.127012162934989E-5,0.050589416176080704
1999047,22.45,1.4901523536536843E-4,0.04754265770316124
1999047,22.55,1.3224643771536648E-4,0.0488276481628418
1999047,22.65,1.4542222197633237E-4,0.045274943113327026
1999047,22.75,1.5106618229765445E-4,0.05083116888999939
1999047,22.85,9.220217179972678E-5,0.04546031728386879
1999047,22.95,4.901623469777405E-5,0.0354786217212677
1999047,23.05,5.747012255596928E-5,0.04738779738545418
1999047,23.15,4.373069532448426E-5,0.04414312168955803
1999047,23.25,5.2486429922282696E-5,0.048892825841903687
1999047,23.35,8.891830657375976E-5,0.05334220081567764
1999047,23.45,1.040162387653254E-4,0.04863181710243225
1999047,23.55,3.8733116525691E-5,0.05601001903414726
1999047,23.65,4.3580555939115584E-5,0.04844360053539276
1999047,23.75,6.55616240692325E-5,0.03587447106838226
1999047,23.85,6.85175255057402E-5,0.041123636066913605
1999047,23.95,6.346922600641847E-5,0.08504416048526764
1999047,24.05,9.601884812582284E-5,0.06652788817882538
1999047,24.15,1.1258829908911139E-4,0.06509207934141159
1999047,24.25,1.1411863670218736E-4,0.04067156836390495
1999047,24.35,1.324445620412007E-4,0.06682553142309189
1999047,24.45,7.735679537290707E-5,0.06823980063199997
1999047,24.55,5.3694337111664936E-5,0.060775574296712875
1999047,24.65,8.380242070415989E-5,0.08551205694675446
1999047,24.75,4.223573341732845E-5,0.05777517706155777
1999047,24.85,4.087501656613313E-5,0.051812320947647095
1999047,24.95,6.238919741008431E-5,0.1152191236615181
1999047,25.05,3.4338336263317615E-5,0.08810241520404816
1999047,25.15,1.2238224735483527E-4,0.09754783660173416
1999047,25.25,9.703739488031715E-5,0.12138994038105011
1999047,25.35,3.90182358387392E-5,0.05994263291358948
1999047,25.45,4.072037336300127E-5,0.060058314353227615
1999047,25.55,6.752226909156889E-5,0.03852863609790802
1999047,25.65,4.709266358986497E-4,0.04528040811419487
1999047,25.75,2.932725183200091E-4,0.0635116696357727
1999047,25.85,1.64160126587376E-4,0.0685473307967186
1999047,25.95,6.405427120625973E-5,0.061070892959833145
1999047,26.05,4.9836999096442014E-5,0.060537561774253845
1999047,26.15,6.361712439684197E-5,0.07524916529655457
1999047,26.25,4.14931564591825E-5,0.1406351625919342
1999047,26.35,4.6678222133778036E-5,0.1367374062538147
1999047,26.45,1.994799094973132E-4,0.08769481629133224
1999047,26.55,5.4548705520574003E-5,0.15354837477207184
1999047,26.65,2.040284380200319E-5,0.05883251875638962
1999047,26.75,9.456764928472694E-6,0.07560732960700989
1999047,26.85,6.729530468874145E-6,0.09487150609493256
1999047,26.95,1.3022525308770128E-5,0.08362189680337906
1999047,27.05,1.1055985669372603E-4,0.11680275201797485
1999047,27.15,4.405510117067024E-5,0.06426654011011124
1999047,27.25,4.732172965304926E-5,0.06703837215900421
1999047,27.35,6.369738548528403E-5,0.10506181418895721
1999047,27.45,1.893980661407113E-4,0.13330577313899994
1999047,27.55,3.2320771424565464E-5,0.0734710544347763
1999047,27.65,4.4182448618812487E-5,0.06188719719648361
1999047,27.75,6.584482616744936E-5,0.06307292729616165
1999047,27.85,3.520555037539452E-5,0.06893008202314377
1999047,27.95,1.4001617273606826E-5,0.05451500415802002
1999047,28.05,1.513119786977768E-5,0.071794793009758
1999047,28.15,2.402061363682151E-5,0.09536851942539215
1999047,28.25,1.0923876288870815E-5,0.07645048946142197
1999047,28.35,3.2423739321529865E-4,0.12314604222774506
1999047,28.45,7.326875347644091E-4,0.2010822743177414
1999047,28.55,3.7252910260576755E-5,0.10140465199947357
1999047,28.65,1.6561863958486356E-5,0.09650347381830215
1999047,28.75,1.2296703971514944E-5,0.10844144225120544
1999047,28.85,4.797549263457768E-5,0.1307937055826187
1999047,28.95,2.219165617134422E-5,0.10484591126441956
1999047,29.05,4.0835802792571485E-5,0.06335920840501785
1999047,29.15,4.045854075229727E-5,0.09270678460597992
1999047,29.25,5.4272142733680084E-5,0.0707152783870697
1999047,29.35,1.8984772395924665E-5,0.08196211606264114
1999047,29.45,7.469817319361027E-6,0.11704663187265396
1999047,29.55,3.218208803446032E-5,0.05907400697469711
1999047,29.65,5.434481499833055E-5,0.06835290044546127
1999047,29.75,5.8534665186016355E-6,0.16609439253807068
1999047,29.85,4.166709004493896E-6,0.3178459703922272
1999047,29.95,1.255423285329016E-5,0.1364593356847763
1999047,30.05,9.290472917200532E-6,0.11839383840560913
1999047,30.15,4.795010681846179E-6,0.23060822486877441
1999047,30.25,8.604401227785274E-5,0.07982038706541061
1999047,30.35,0.005006514489650726,0.023933472111821175
1999047,30.45,0.0010993975447490811,0.027810661122202873
1999047,30.55,4.2635947465896606E-5,0.04818695783615112
1999047,30.65,1.717138547974173E-5,0.06441215425729752
1999047,30.75,1.4503502825391479E-5,0.07693449407815933
1999047,30.85,2.4141714675351977E-5,0.0786651000380516
1999047,30.95,8.906686161935795E-6,0.12314096093177795
1999047,31.05,5.168602001504041E-6,0.733138918876648
1999047,31.15,3.2951873436104506E-5,0.06972604990005493
1999047,31.25,5.801201768917963E-5,0.0833694264292717
1999047,31.35,3.7031837564427406E-5,0.07344724982976913
1999047,31.45,6.730775930918753E-5,0.07605618983507156
1999047,31.55,5.758792758570053E-5,0.08090951293706894
1999047,31.65,5.512153074960224E-5,0.07784302532672882
1999047,31.75,2.515792402846273E-5,0.09679484367370605
1999047,31.85,2.2891665139468387E-5,0.10091348737478256
1999047,31.95,6.430905341403559E-5,0.07408829778432846
1999047,32.05,6.189128180267289E-5,0.08901779353618622
1999047,32.15,3.151752389385365E-5,0.11726176738739014
1999047,32.25,8.575940228183754E-6,0.32128193974494934
1999047,32.35,7.212085620267317E-6,0.6284230351448059
1999047,32.45,4.896881819149712E-6,0.9171039462089539
1999047,32.55,6.287189989961917E-6,0.42858368158340454
1999047,32.65,1.2097870239813346E-5,0.1662472039461136
1999047,32.75,1.071015140041709E-5,0.20489612221717834
1999047,32.85,2.0014973415527493E-5,0.11859145015478134
1999047,32.95,4.8189326662395615E-6,1.2745976448059082
1999047,33.05,3.5429393392405473E-6,1.5950020551681519
1999047,33.15,1.8731927866610931E-6,1.232469916343689
1999047,33.25,3.4870794479502365E-5,0.1002902165055275
1999047,33.35,5.032281478634104E-5,0.1094781681895256
1999047,33.45,1.5964852354954928E-4,0.1385088860988617
1999047,33.55,5.494171055033803E-4,0.21413260698318481
1999047,33.65,2.2502093997900374E-5,0.3048397898674011
1999047,33.75,8.810127837932669E-6,0.28881463408470154
1999047,33.85,2.6960902687278576E-5,0.10170083492994308
1999047,33.95,1.505289492342854E-5,0.2779397964477539
1999047,34.05,1.1511469892866444E-5,0.2441289871931076
1999047,34.15,5.490459079737775E-5,0.06552798300981522
1999047,34.25,7.207269663922489E-5,0.10516196489334106
1999047,34.35,2.8784288588212803E-6,0.24828490614891052
1999047,34.45,2.2889831598149613E-5,0.08044090867042542
1999047,34.55,6.470154039561749E-5,0.07033484429121017
1999047,34.65,3.802972787525505E-5,0.08448896557092667
1999047,34.75,1.1975042434642091E-4,0.07802533358335495
1999047,34.85,8.919976244214922E-5,0.0753314271569252
1999047,34.95,9.776202932698652E-5,0.07075633108615875
1999047,35.05,3.045737321372144E-5,0.08412187546491623
1999047,35.15,2.361122278671246E-5,0.11394979804754257
1999047,35.25,9.605595550965518E-5,0.07797498255968094
1999047,35.35,5.109129779157229E-5,0.09560378640890121
1999047,35.45,6.70716108288616E-5,0.1053161695599556
1999047,35.55,3.856896728393622E-5,0.07917386293411255
1999047,35.65,5.273061105981469E-5,0.0995650514960289
1999047,35.75,5.549648903979687E-6,0.7078209519386292
1999047,35.85,2.5282266506110318E-5,0.11048027127981186
1999047,35.95,5.639810115098953E-5,0.12030766159296036
1999047,36.05,2.856987703125924E-4,0.1426788717508316
1999047,36.15,1.0088748967973515E-4,0.1966255009174347
1999047,36.25,3.807676421274664E-6,0.2136550396680832
1999047,36.35,7.275204552570358E-6,0.1425497829914093
1999047,36.45,1.1309466935927048E-4,0.08018454909324646
1999047,36.55,3.566398663679138E-5,0.16054245829582214
1999047,36.65,3.870912223646883E-6,0.8083898425102234
1999047,36.75,1.513460447313264E-4,0.07270131260156631
1999047,36.85,2.3617730767000467E-4,0.07873180508613586
1999047,36.95,3.56351665686816E-5,0.08398177474737167
1999047,37.05,5.765292826254154E-6,1.7630037069320679
1999047,37.15,1.0903851034527179E-5,0.7252145409584045
1999047,37.25,7.93612707639113E-6,1.0691993236541748
1999047,37.35,1.3845025932823773E-5,0.2666468322277069
1999047,37.45,2.2229374735616148E-5,0.14632166922092438
1999047,37.55,8.55511098052375E-6,0.9850685596466064
1999047,37.65,7.669673323107418E-6,1.0755388736724854
1999047,37.75,7.4063045758521184E-6,0.7932569980621338
1999047,37.85,9.28828194446396E-6,0.3713867664337158
1999047,37.95,1.1459033885330427E-5,0.16867460310459137
1999047,38.05,9.04526768863434E-6,0.20396284759044647
1999047,38.15,6.878078238514718E-6,0.2494020015001297
1999047,38.25,8.477409210172482E-6,0.182235449552536
1999047,38.35,1.2672401680902112E-5,0.09003987908363342
1999047,38.45,1.9527196855051443E-5,0.06133904680609703
1999047,38.55,1.1140153219457716E-5,0.08974321186542511
1999047,38.65,7.893017027527094E-6,0.09045417606830597
1999047,38.75,7.917459697637241E-6,0.0904354453086853
1999047,38.85,7.85104202805087E-6,0.09932810813188553
1999047,38.95,1.532581700303126E-5,0.13566946983337402
1999047,39.05,1.042294388753362E-5,0.14999884366989136
1999047,39.15,3.2027751331042964E-6,0.2025713175535202
1999047,39.25,1.1020062629540917E-5,0.07261643558740616
1999047,39.35,7.604921847814694E-6,0.11672432720661163
1999047,39.45,5.9351932577556E-6,0.14657430350780487
1999047,39.55,6.023495188856032E-6,0.09965794533491135
1999047,39.65,3.1903737180982716E-6,0.24238654971122742
1999047,39.75,3.4586576020956272E-6,0.263731449842453
1999047,39.85,4.588169304042822E-6,0.17254634201526642
1999047,39.95,9.5587502073613E-6,0.0816982090473175
1999047,40.05,2.014361416513566E-5,0.06399458646774292
1999047,40.15,2.5375535187777132E-5,0.04639500007033348
1999047,40.25,1.7036651115631685E-5,0.05929309129714966
1999047,40.35,1.7958534954232164E-5,0.06669121235609055
1999047,40.45,3.5057455534115434E-6,0.3425954282283783
1999047,40.55,3.575108848963282E-6,0.2903619110584259
1999047,40.65,5.07079994349624E-6,0.19802747666835785
1999047,40.75,4.015560080006253E-6,0.2985675036907196
1999047,40.85,3.4241415960423183E-6,0.4371214807033539
1999047,40.95,4.419516244524857E-6,0.46683934330940247
1999047,41.05,8.195544978661928E-6,0.16718432307243347
1999047,41.15,1.632604471524246E-5,0.10002326965332031
1999047,41.25,1.0930030839517713E-5,0.16258078813552856
1999047,41.35,5.16020872964873E-6,0.3721325099468231
1999047,41.45,3.454682882875204E-6,0.7567781805992126
1999047,41.55,5.3767212193633895E-6,0.253700852394104
1999047,41.65,2.65041999227833E-5,0.15371032059192657
1999047,41.75,8.082461863523349E-5,0.16612766683101654
1999047,41.85,8.693974450579844E-6,0.22867797315120697
1999047,41.95,1.227525899594184E-5,0.09998687356710434
1999047,42.05,5.7368638408661354E-6,0.21900542080402374
1999047,42.15,4.680337042373139E-6,0.30476483702659607
1999047,42.25,3.563447535270825E-6,0.44932636618614197
1999047,42.35,3.1333861443272326E-6,1.3551973104476929
1999047,42.45,2.825428509822814E-6,0.9057406187057495
1999047,42.55,2.996191824422567E-6,1.210037350654602
1999047,42.65,3.5426562590146204E-6,0.5962727665901184
1999047,42.75,5.222338586463593E-6,0.26137006282806396
1999047,42.85,5.817356395709794E-6,0.19807031750679016
1999047,42.95,1.1011983588105068E-5,0.11521455645561218
1999047,43.05,3.308142549940385E-5,0.08821629732847214
1999047,43.15,1.7146176105597988E-5,0.08713692426681519
1999047,43.25,4.922111202176893E-6,0.23787614703178406
1999047,43.35,7.354465196840465E-6,0.13595952093601227
1999047,43.45,2.0389212295413017E-5,0.10255275666713715
1999047,43.55,2.1389567336882465E-5,0.06904477626085281
1999047,43.65,4.927198824589141E-5,0.08843586593866348
1999047,43.75,1.6977232007775456E-5,0.09243490546941757
1999047,43.85,6.702699010929791E-6,0.16349393129348755
1999047,43.95,7.1797394411987625E-6,0.13147886097431183
1999047,44.05,3.7098664051882224E-6,0.23328885436058044
1999047,44.15,6.265980573516572E-6,0.14878934621810913
1999047,44.25,3.6828348584094783E-6,0.25460827350616455
1999047,44.35,1.3147094250598457E-5,0.11187182366847992
1999047,44.45,1.3952873814560007E-5,0.08524516969919205
1999047,44.55,1.2897056876681745E-5,0.22945480048656464
1999047,44.65,7.40893210604554E-6,0.15426896512508392
1999047,44.75,2.0903087715851143E-5,0.10762227326631546
1999047,44.85,7.661485142307356E-6,0.11173918843269348
1999047,44.95,3.3953126603591954E-6,0.24440497159957886
1999047,45.05,3.5139335068379296E-6,0.2556746006011963
1999047,45.15,4.180173618806293E-6,0.18768525123596191
1999047,45.25,4.562715730571654E-6,0.15116934478282928
1999047,45.35,3.598858256737003E-6,0.23892641067504883
1999047,45.45,4.177441951469518E-6,0.2030084729194641
1999047,45.55,5.256804342934629E-6,0.16943292319774628
1999047,45.65,6.770596883143298E-6,0.12190452963113785
1999047,45.75,5.461135060613742E-6,0.13521109521389008
1999047,45.85,5.475752459460637E-6,0.1349153220653534
1999047,45.95,1.633091233088635E-5,0.05426837503910065
1999047,46.05,1.0423060302855447E-5,0.07503539323806763
1999047,46.15,8.89338662091177E-6,0.0866343304514885
1999047,46.25,6.108890374889597E-6,0.0929066464304924
1999047,46.35,4.686511601903476E-6,0.12242507189512253
1999047,46.45,3.423703310545534E-5,0.08747948706150055
1999047,46.55,1.0265446326229721E-4,0.05135868489742279
1999047,46.65,2.3292328478419222E-5,0.06270795315504074
1999047,46.75,1.6727415641071275E-5,0.08469085395336151
1999047,46.85,5.880486696696607E-6,0.09870202094316483
1999047,46.95,1.1416478628234472E-5,0.0627564936876297
1999047,47.05,8.95569974090904E-6,0.06047468259930611
1999047,47.15,6.626025424338877E-6,0.08738967776298523
1999047,47.25,6.910791398695437E-6,0.08483481407165527
1999047,47.35,6.875156941532623E-6,0.08287439495325089
1999047,47.45,7.191142231022241E-6,0.07977120578289032
1999047,47.55,7.768877367198002E-6,0.0741088017821312
1999047,47.65,8.1313037298969E-6,0.07101936638355255
1999047,47.75,8.517897185811307E-6,0.06908973306417465
1999047,47.85,8.914185855246615E-6,0.06629078090190887
1999047,47.95,1.087198961613467E-5,0.06271525472402573
1999047,48.05,1.4698551240144297E-5,0.05504865571856499
1999047,48.15,2.344244421692565E-5,0.053988441824913025
1999047,48.25,1.4866675883240532E-5,0.04960247129201889
1999047,48.35,1.3549060895456932E-5,0.043502580374479294
1999047,48.45,1.1928699677810073E-5,0.05423688888549805
1999047,48.55,1.2533673725556582E-5,0.04740994796156883
1999047,48.65,1.4997814105299767E-5,0.056234706193208694
1999047,48.75,1.6791427697171457E-5,0.04667415842413902
1999047,48.85,1.5168186109804083E-5,0.04574543610215187
1999047,48.95,2.0326335288700648E-5,0.04179098457098007
1999047,49.05,1.762976717145648E-5,0.043504148721694946
1999047,49.15,2.2477557649835944E-5,0.049915626645088196
1999047,49.25,1.847059502324555E-5,0.04374191537499428
1999047,49.35,1.852859895734582E-5,0.04340992122888565
1999047,49.45,1.957435961230658E-5,0.043210916221141815
1999047,49.55,2.0564642909448594E-5,0.04285898432135582
1999047,49.65,2.1813195417053066E-5,0.042390719056129456
1999047,49.75,2.3291664547286928E-5,0.04258964955806732
1999047,49.85,4.96596512675751E-5,0.13112367689609528
1999047,49.95,2.4864758597686887E-4,0.11026228219270706
1999047,50.05,3.57775752490852E-5,0.07711221277713776
1999047,50.15,2.341377330594696E-5,0.040883589535951614
1999047,50.25,2.4016240786295384E-5,0.04129621386528015
1999047,50.35,2.5748495318111964E-5,0.041279327124357224
1999047,50.45,2.618026701384224E-5,0.04032089188694954
1999047,50.55,1.9592736862250604E-5,0.03916958346962929
1999047,50.65,1.5107037143025082E-5,0.04166966304183006
1999047,50.75,3.1632585887564346E-5,0.0227846410125494
1999047,50.85,3.0357798095792532E-5,0.02392430603504181
1999047,50.95,1.1170865036547184E-5,0.07268321514129639
1999047,51.05,1.0623478374327533E-5,0.06821024417877197
1999047,51.15,5.4851575441716705E-6,0.07326991111040115
1999047,51.25,8.20344575913623E-6,0.04876153543591499
1999047,51.35,7.532894414907787E-7,0.2791261374950409
1999047,51.45,1.338394099548168E-6,0.20225903391838074
1999047,51.55,1.5809444448677823E-5,0.03660615161061287
1999047,51.65,3.575783921405673E-6,0.07903711497783661
1999047,51.75,1.3238953897598549E-6,0.20163068175315857
1999047,51.85,1.9378251181478845E-6,0.12185381352901459
1999047,51.95,6.218960152182262E-6,0.1599883884191513
1999047,52.05,1.0227896564174443E-4,0.1416567862033844
1999047,52.15,2.5511488274787553E-5,0.1384086310863495
1999047,52.25,1.9978393538622186E-5,0.03258074074983597
1999047,52.35,1.1124761840619612E-6,0.15597085654735565
1999047,52.45,8.817426646601234E-7,0.22967258095741272
1999047,52.55,1.624232390895486E-5,0.03582697734236717
1999047,52.65,7.629461833857931E-6,0.13654378056526184
1999047,52.75,1.0549354101385688E-6,0.16180770099163055
1999047,52.85,8.674270475239609E-7,0.21146956086158752
1999047,52.95,1.1215806807740591E-6,0.1641061007976532
1999047,53.05,1.1651817430902156E-6,0.1576026976108551
1999047,53.15,8.826301041153783E-7,0.23425672948360443
1999047,53.25,1.4369384189194534E-6,0.15609459578990936
1999047,53.35,1.4598260804632446E-6,0.12029798328876495
1999047,53.45,1.90835407920531E-6,0.092954620718956
1999047,53.55,1.7729345245243167E-6,0.10002165287733078
1999047,53.65,3.385829768376425E-5,0.06395161151885986
1999047,53.75,4.612147677107714E-5,0.034995079040527344
1999047,53.85,1.725871152302716E-5,0.01589696668088436
1999047,53.95,8.646020432934165E-6,0.04079657047986984
1999047,54.05,2.584382173154154E-6,0.06742064654827118
1999047,54.15,4.985446594218956E-6,0.056323882192373276
1999047,54.25,3.9826581996749155E-6,0.054105330258607864
1999047,54.35,6.745530299667735E-6,0.06507434695959091
1999047,54.45,4.825580617762171E-6,0.10773909091949463
1999047,54.55,7.619026405336626E-7,0.23998777568340302
1999047,54.65,6.889503083584714E-7,0.26245981454849243
1999047,54.75,1.0170753057536785E-6,0.1796017438173294
1999047,54.85,1.649485625421221E-6,0.11418893933296204
1999047,54.95,1.4397646737052128E-5,0.12257648259401321
1999047,55.05,1.6323179806931876E-5,0.10337036103010178
1999047,55.15,3.3217565942322835E-6,0.06913731247186661
1999047,55.25,6.520117949548876E-6,0.06763627380132675
1999047,55.35,5.581244840868749E-5,0.036052506417036057
1999047,55.45,1.671066420385614E-4,0.018342245370149612
1999047,55.55,3.764558641705662E-5,0.07252277433872223
1999047,55.65,1.8080959307553712E-6,0.09811366349458694
1999047,55.75,2.366349144722335E-5,0.0900704637169838
1999047,55.85,1.9336872355779633E-5,0.058025918900966644
1999047,55.95,3.1360712000605417E-6,0.07205384224653244
1999047,56.05,2.417197720205877E-6,0.07920340448617935
1999047,56.15,6.078731985326158E-6,0.06779098510742188
1999047,56.25,1.609086939424742E-5,0.06403405219316483
1999047,56.35,6.907630904606776E-6,0.06582808494567871
1999047,56.45,3.092815404670546E-6,0.06958723813295364
1999047,56.55,1.3201704405219061E-6,0.12224332243204117
1999047,56.65,1.2487751064327313E-6,0.1367810219526291
1999047,56.75,5.702313046640484E-6,0.14077553153038025
1999047,56.85,1.1747424650820903E-5,0.0754777193069458
1999047,56.95,6.1353407545539085E-6,0.03945149853825569
1999047,57.05,3.0836476980766747E-6,0.05761299654841423
1999047,57.15,2.641054379637353E-6,0.08762283623218536
1999047,57.25,1.0193008165515494E-5,0.026046372950077057
1999047,57.35,8.452128895442002E-6,0.09726040810346603
1999047,57.45,1.0350849152018782E-5,0.07844114303588867
1999047,57.55,1.576203544573218E-6,0.1050848588347435
1999047,57.65,7.782433044667414E-7,0.20519118010997772
1999047,57.75,8.97087375051342E-7,0.1644294708967209
1999047,57.85,8.31094553177536E-7,0.19720110297203064
1999047,57.95,1.0616653298711753E-6,0.16426244378089905
1999047,58.05,1.561254248372279E-5,0.09355189651250839
1999047,58.15,1.1984813681920059E-5,0.09947305172681808
1999047,58.25,3.86234887628234E-6,0.08017390966415405
1999047,58.35,1.2301192327868193E-4,0.10560090839862823
1999047,58.45,6.179482443258166E-4,0.03561793267726898
1999047,58.55,2.839988883351907E-5,0.09849457442760468
1999047,58.65,3.721981556736864E-6,0.0766364261507988
1999047,58.75,1.2357151035757852E-6,0.1432933360338211
1999047,58.85,6.97893199230748E-7,0.1901470273733139
1999047,58.95,6.50177526040352E-7,0.21719913184642792
1999047,59.05,7.314473577935132E-7,0.19281108677387238
1999047,59.15,1.6228533468165551E-6,0.10636187344789505
1999047,59.25,6.3530419538437854E-6,0.0748353973031044
1999047,59.35,2.5332326458737953E-6,0.0979912206530571
1999047,59.45,1.3104765912430594E-6,0.12597379088401794
1999047,59.55,1.230793372997141E-6,0.13416773080825806
1999047,59.65,1.9770047856582096E-6,0.11050528287887573
1999047,59.75,3.953044142690487E-6,0.06398317962884903
1999047,59.85,3.0614612569479505E-6,0.07081568986177444
1999047,59.95,3.986070441897027E-5,0.03108634427189827
1999047,60.05,8.276096195913851E-6,0.05173831805586815
1999047,60.15,1.4147987030810327E-6,0.12016680091619492
1999047,60.25,9.666866844781907E-7,0.15943479537963867
1999047,60.35,1.6979150814222521E-6,0.13277174532413483
1999047,60.45,2.96458529192023E-6,0.0938907340168953
1999047,60.55,7.331213396355452E-7,0.19570223987102509
1999047,60.65,7.307464215955406E-7,0.21288277208805084
1999047,60.75,4.159747277299175E-6,0.08913972973823547
1999047,60.85,2.691075496841222E-5,0.024884004145860672
1999047,60.95,2.594094548840076E-4,0.07912666350603104
1999047,61.05,1.0370780364610255E-4,0.09750742465257645
1999047,61.15,2.552735850258614E-6,0.09972374141216278
1999047,61.25,1.09520055957546E-6,0.19195067882537842
1999047,61.35,7.22167783351324E-7,0.2859366536140442
1999047,61.45,7.016964786998869E-7,0.2675062119960785
1999047,61.55,1.280954052162997E-6,0.13754837214946747
1999047,61.65,4.838159838982392E-6,0.06047305837273598
1999047,61.75,2.258820131828543E-6,0.0832129642367363
1999047,61.85,7.053628792164091E-7,0.2274782657623291
1999047,61.95,5.887625889045012E-7,0.2629737854003906
1999047,62.05,1.2903462902613683E-6,0.12440378963947296
1999047,62.15,1.7949774928638362E-6,0.09881633520126343
1999047,62.25,6.840897981419403E-7,0.18783807754516602
1999047,62.35,1.8754003576759715E-6,0.11279606819152832
1999047,62.45,9.234712342731655E-5,0.10040014982223511
1999047,62.55,7.44034769013524E-5,0.09242865443229675
1999047,62.65,3.078892405028455E-6,0.09470479935407639
1999047,62.75,2.1404709968919633E-6,0.12093301117420197
1999047,62.85,1.0389921044406947E-5,0.09426557272672653
1999047,62.95,4.39935305621475E-4,0.04742171987891197
1999047,63.05,1.6495732415933162E-4,0.05622997507452965
1999047,63.15,3.2159118745767046E-6,0.10786981135606766
1999047,63.25,1.7869243720269878E-6,0.20581218600273132
1999047,63.35,1.4148967011351488E-6,0.28701138496398926
1999047,63.45,1.1264489785389742E-6,0.31045639514923096
1999047,63.55,1.108351625589421E-6,0.25573113560676575
1999047,63.65,1.1624588296399452E-6,0.1923838108778
1999047,63.75,2.497333525752765E-6,0.10636968910694122
1999047,63.85,3.755471425392898E-6,0.09381350874900818
1999047,63.95,2.9070051823509857E-6,0.09721679240465164
1999047,64.05,8.483904707645706E-7,0.2035621702671051
1999047,64.15,1.0598047310850234E-6,0.2347850501537323
1999047,64.25,9.602836144040339E-7,0.27822184562683105
1999047,64.35,1.3045465721006622E-6,0.14507625997066498
1999047,64.45,3.028629635082325E-6,0.08110152184963226
1999047,64.55,1.4929119060980156E-6,0.19443997740745544
1999047,64.65,9.470711574977031E-7,0.3369837999343872
1999047,64.75,8.519647280991194E-7,0.42522361874580383
1999047,64.85,1.1548602287803078E-6,0.1839696764945984
1999047,64.95,1.5331321492340066E-6,0.14298275113105774
1999047,65.05,1.0573490953902365E-6,0.33196985721588135
1999047,65.15,1.3242188288131729E-6,0.21652311086654663
1999047,65.25,8.63536797623965E-7,0.5599520802497864
1999047,65.35,8.909691473490966E-7,0.5810118317604065
1999047,65.45,9.207832363244961E-7,0.4953575134277344
1999047,65.55,1.063753529706446E-6,0.41209766268730164
1999047,65.65,1.5663434851376223E-6,0.1940031349658966
1999047,65.75,4.3328873289283365E-6,0.07553735375404358
1999047,65.85,1.7311425608568243E-6,0.2583601474761963
1999047,65.95,1.7283967963521718E-6,0.18338243663311005
1999047,66.05,2.3302409317693673E-6,0.11107733100652695
1999047,66.15,8.274173524114303E-6,0.026940766721963882
1999047,66.25,1.8925341009889962E-6,0.13474853336811066
1999047,66.35,2.049093382083811E-6,0.20778165757656097
1999047,66.45,1.0594740160740912E-6,0.5853971242904663
1999047,66.55,1.033988269227848E-6,0.6507344245910645
1999047,66.65,1.1258445056228084E-6,0.6838517189025879
1999047,66.75,1.1260744940955192E-6,0.6929583549499512
1999047,66.85,1.201617351398454E-6,0.6026321649551392
1999047,66.95,1.3753856364928652E-6,0.4158615469932556
1999047,67.05,1.5378524267362081E-6,0.4250462055206299
1999047,67.15,2.449382691338542E-6,0.2583349943161011
1999047,67.25,1.6999044873955427E-6,0.4736030399799347
1999047,67.35,1.727153176034335E-6,0.5226196050643921
1999047,67.45,1.6008176544346497E-6,0.5170630216598511
1999047,67.55,1.481302319916722E-6,0.5657138824462891
1999047,67.65,2.929902620962821E-6,0.11459814757108688
1999047,67.75,2.301116865055519E-6,0.317787230014801
1999047,67.85,2.666441105247941E-6,0.313600093126297
1999047,67.95,2.1669218313036254E-6,0.32285916805267334
1999047,68.05,6.205498721101321E-6,0.07501457631587982
1999047,68.15,1.0187407497141976E-5,0.08225561678409576
1999047,68.25,3.4670974855544046E-6,0.11823545396327972
1999047,68.35,3.079229372815462E-6,0.25458824634552
1999047,68.45,3.831104550044984E-6,0.06740917265415192
1999047,68.55,2.1192359781707637E-5,0.030170977115631104
1999047,68.65,1.219885962200351E-5,0.035174354910850525
1999047,68.75,5.026930921303574E-6,0.1295880675315857
1999047,68.85,1.9931812857976183E-6,0.5598157048225403
1999047,68.95,2.181310037485673E-6,0.4162428081035614
1999047,69.05,3.852707322948845E-6,0.21117879450321198
1999047,69.15,2.913856860686792E-6,0.25078633427619934
1999047,69.25,1.7350575944874436E-6,0.5755046606063843
1999047,69.35,2.987065727211302E-6,0.12100977450609207
1999047,69.45,7.033132078504423E-6,0.08676353842020035
1999047,69.55,2.4235657747340156E-6,0.2788088917732239
1999047,69.65,2.6392083327664295E-6,0.28211653232574463
1999047,69.75,2.406364501439384E-6,0.46910062432289124
1999047,69.85,2.3396025881083915E-6,0.5255370140075684
1999047,69.95,3.120435849268688E-6,0.31855472922325134
1999047,70.05,5.797485755465459E-6,0.19180302321910858
1999047,70.15,4.269236796972109E-6,0.08032259345054626
1999047,70.25,3.549128450686112E-5,0.03549214079976082
1999047,70.35,5.2453546231845394E-5,0.02471822313964367
1999047,70.45,2.376842894591391E-5,0.040891218930482864
1999047,70.55,9.257595593226142E-6,0.10073298960924149
1999047,70.65,1.1932642337342259E-5,0.09386486560106277
1999047,70.75,2.948070687125437E-6,0.49092400074005127
1999047,70.85,2.5112915409408743E-6,0.5680551528930664
1999047,70.95,2.2070557861297857E-6,0.4745768904685974
1999047,71.05,2.4412433958787005E-6,0.38449183106422424
1999047,71.15,2.5587166874174727E-6,0.37520378828048706
1999047,71.25,2.7526868962013396E-6,0.3168533146381378
1999047,71.35,3.112823151241173E-6,0.3274344801902771
1999047,71.45,2.7588760076469043E-6,0.3823414742946625
1999047,71.55,2.5469541924394434E-6,0.4829702377319336
1999047,71.65,2.5379722501384094E-6,0.5456160306930542
1999047,71.75,3.054245325984084E-6,0.14770211279392242
1999047,71.85,1.5441908544744365E-5,0.031172113493084908
1999047,71.95,4.206076937407488E-6,0.10626457631587982
1999047,72.05,2.757485617621569E-6,0.4804210662841797
1999047,72.15,3.439281272221706E-6,0.3005272448062897
1999047,72.25,2.804302084769006E-6,0.46891629695892334
1999047,72.35,2.802929884637706E-6,0.47599002718925476
1999047,72.45,2.9977693429827923E-6,0.43052640557289124
1999047,72.55,3.2791772355267312E-6,0.40149256587028503
1999047,72.65,3.1808904168428853E-6,0.4214935302734375
1999047,72.75,2.982641035487177E-6,0.4236699342727661
1999047,72.85,3.5919294987252215E-6,0.3081844449043274
1999047,72.95,3.6158512557449285E-6,0.3347491919994354
1999047,73.05,3.2916270811256254E-6,0.3926995098590851
1999047,73.15,3.28289070239407E-6,0.4234190881252289
1999047,73.25,3.403985147087951E-6,0.39183783531188965
1999047,73.35,3.3105025067925453E-6,0.39058297872543335
1999047,73.45,3.4255406262673205E-6,0.3941219449043274
1999047,73.55,3.828591161436634E-6,0.290039598941803
1999047,73.65,3.7651084312528837E-6,0.31319838762283325
1999047,73.75,3.616445610532537E-6,0.3562236726284027
1999047,73.85,3.6903004456689814E-6,0.29725542664527893
1999047,73.95,3.843117610813351E-6,0.26249179244041443
1999047,74.05,3.800306330958847E-6,0.29108926653862
1999047,74.15,3.816596745309653E-6,0.31741252541542053
1999047,74.25,3.826753072644351E-6,0.317795068025589
1999047,74.35,4.274140792404069E-6,0.2296634018421173
1999047,74.45,4.762335265695583E-6,0.1914600282907486
1999047,74.55,4.699067631008802E-6,0.23559632897377014
1999047,74.65,4.306355549488217E-6,0.22994031012058258
1999047,74.75,4.5499555199057795E-6,0.22565536201000214
1999047,74.85,6.3708171182952356E-6,0.1550620049238205
1999047,74.95,7.085131983330939E-6,0.13064123690128326
1999047,75.05,9.312218935519923E-6,0.11734882742166519
1999047,75.15,4.208438895147992E-6,0.2442885786294937
1999047,75.25,4.011278178950306E-6,0.23231127858161926
1999047,75.35,5.0437552090443205E-6,0.19507049024105072
1999047,75.45,4.616279966285219E-6,0.22079943120479584
1999047,75.55,4.199976046947995E-6,0.254810631275177
1999047,75.65,4.198363512841752E-6,0.2307446151971817
1999047,75.75,4.486861143959686E-6,0.22329241037368774
1999047,75.85,1.101643283618614E-5,0.069063201546669
1999047,75.95,1.3816197679261677E-5,0.052746426314115524
1999047,76.05,2.5986311811720952E-5,0.03426853567361832
1999047,76.15,1.086514657799853E-5,0.06450241059064865
1999047,76.25,1.1962082680838648E-5,0.06805463880300522
1999047,76.35,1.1728820027201436E-5,0.08942800015211105
1999047,76.45,3.6483605072135106E-5,0.08177307993173599
1999047,76.55,6.732798647135496E-5,0.025512877851724625
1999047,76.65,9.648183549870737E-6,0.15225784480571747
1999047,76.75,8.78140599525068E-6,0.17666730284690857
1999047,76.85,8.672746844240464E-6,0.18504329025745392
1999047,76.95,2.3023303583613597E-5,0.10714889317750931
1999047,77.05,1.1144144809804857E-4,0.055329255759716034
1999047,77.15,1.5931460438878275E-5,0.07516498118638992
1999047,77.25,1.1204226211702917E-5,0.15124651789665222
1999047,77.35,7.705910320510156E-6,0.20506605505943298
1999047,77.45,9.111721738008782E-6,0.17244504392147064
1999047,77.55,9.666900950833224E-6,0.16317109763622284
1999047,77.65,1.0666427442629356E-5,0.15116073191165924
1999047,77.75,8.443757906206883E-6,0.1900312602519989
1999047,77.85,8.376819096156396E-6,0.19223825633525848
1999047,77.95,2.0393583326949738E-5,0.1003616526722908
1999047,78.05,6.267073331400752E-5,0.05211735516786575
1999047,78.15,1.1671173524518963E-5,0.12070325016975403
1999047,78.25,1.098777647712268E-5,0.16499820351600647
1999047,78.35,9.087782927963417E-6,0.18294480443000793
1999047,78.45,8.762385732552502E-6,0.19007521867752075
1999047,78.55,1.2012326806143392E-5,0.12631992995738983
1999047,78.65,4.156432260060683E-5,0.03302537277340889
1999047,78.75,5.734295700676739E-5,0.038842394948005676
1999047,78.85,2.429149390081875E-5,0.058235302567481995
1999047,78.95,3.6479188565863296E-5,0.08324242383241653
1999047,79.05,9.384157601743937E-5,0.02236267179250717
1999047,79.15,1.0783611287479289E-5,0.12500670552253723
1999047,79.25,8.83659868122777E-6,0.1823057383298874
1999047,79.35,8.783213161223102E-6,0.1828463077545166
1999047,79.45,8.769846317591146E-6,0.18430489301681519
1999047,79.55,8.875618732417934E-6,0.18356220424175262
1999047,79.65,1.0428365385450888E-5,0.1599288284778595
1999047,79.75,9.976321962312795E-6,0.17421039938926697
1999047,79.85,9.541191502648871E-6,0.17891496419906616
1999047,79.95,1.0202210432908032E-5,0.16803167760372162
1999047,80.05,1.3145350749255158E-5,0.1051025390625
1999047,80.15,1.3139905604475643E-5,0.10694779455661774
1999047,80.25,1.3828910596203059E-5,0.10788559913635254
1999047,80.35,1.5230742974381428E-5,0.11297224462032318
1999047,80.45,1.5782405171194114E-5,0.12222129851579666
1999047,80.55,1.5285821064026095E-5,0.12812583148479462
1999047,80.65,1.7301363186561503E-5,0.07991845160722733
1999047,80.75,1.7287995433434844E-5,0.0943765938282013
1999047,80.85,1.84975524462061E-5,0.11281287670135498
1999047,80.95,1.868184881459456E-5,0.09386011958122253
1999047,81.05,1.7634612959227525E-5,0.10547994822263718
1999047,81.15,1.7804406525101513E-5,0.1136634573340416
1999047,81.25,1.8308144717593677E-5,0.12525472044944763
1999047,81.35,1.830417022574693E-5,0.1111963614821434
1999047,81.45,1.8340590031584725E-5,0.10035652667284012
1999047,81.55,1.9639453967101872E-5,0.1026945412158966
1999047,81.65,1.996050741581712E-5,0.10266813635826111
1999047,81.75,1.9699422409757972E-5,0.10524607449769974
1999047,81.85,1.7897436919156462E-5,0.08356273174285889
1999047,81.95,1.663540751906112E-5,0.09177745133638382
1999047,82.05,2.0092780687264167E-5,0.11025235056877136
1999047,82.15,1.9112569134449586E-5,0.10424023866653442
1999047,82.25,2.0308572857175022E-5,0.11882731318473816
1999047,82.35,1.892016916826833E-5,0.09879329055547714
1999047,82.45,1.9621111277956516E-5,0.11150848120450974
1999047,82.55,2.2598891519010067E-5,0.10739761590957642
1999047,82.65,2.2357184207066894E-5,0.10515717417001724
1999047,82.75,2.2411499230656773E-5,0.10713033378124237
1999047,82.85,2.342893640161492E-5,0.09601932018995285
1999047,82.95,2.4395601940341294E-5,0.10660750418901443
1999047,83.05,2.3234166292240843E-5,0.10091335326433182
1999047,83.15,2.5130266294581816E-5,0.09393405169248581
1999047,83.25,5.1779610657831654E-5,0.07066906243562698
1999047,83.35,1.0644579015206546E-4,0.03625313937664032
1999047,83.45,9.428100020159036E-5,0.035865504294633865
1999047,83.55,1.0770664812298492E-4,0.0251117292791605
1999047,83.65,3.17901540256571E-5,0.06768003106117249
1999047,83.75,2.977292751893401E-5,0.08135845512151718
1999047,83.85,2.9909924705862068E-5,0.07963843643665314
1999047,83.95,3.0521976441377774E-5,0.08443058282136917
1999047,84.05,2.8910730179632083E-5,0.08595553040504456
1999047,84.15,2.9135948352632113E-5,0.0860353484749794
1999047,84.25,2.9670827643712983E-5,0.08523359149694443
1999047,84.35,3.0167209843057208E-5,0.08469259738922119
1999047,84.45,3.083263072767295E-5,0.08217401802539825
1999047,84.55,3.121461850241758E-5,0.08209371566772461
1999047,84.65,3.135451697744429E-5,0.08214762806892395
1999047,84.75,3.203109372407198E-5,0.0809222012758255
1999047,84.85,3.1932941055856645E-5,0.08289778977632523
1999047,84.95,3.2381714845541865E-5,0.08120827376842499
1999047,85.05,3.2769345125416294E-5,0.0808684378862381
1999047,85.15,3.319668394397013E-5,0.07939577102661133
1999047,85.25,3.317983646411449E-5,0.07932142913341522
1999047,85.35,3.344066135468893E-5,0.07943426817655563
1999047,85.45,3.514145646477118E-5,0.07378862053155899
1999047,85.55,3.45872322213836E-5,0.07441730797290802
1999047,85.65,3.5127202863804996E-5,0.07312365621328354
1999047,85.75,3.606266182032414E-5,0.07103253901004791
1999047,85.85,3.960452522733249E-5,0.06118370592594147
1999047,85.95,3.797084718826227E-5,0.06612958759069443
1999047,86.05,3.711213867063634E-5,0.06912684440612793
1999047,86.15,3.730056050699204E-5,0.06872303038835526
1999047,86.25,3.760114486794919E-5,0.0688566192984581
1999047,86.35,3.715273487614468E-5,0.07126402109861374
1999047,86.45,3.7402278394438326E-5,0.07051101326942444
1999047,86.55,3.723693225765601E-5,0.07043430209159851
1999047,86.65,3.7566409446299076E-5,0.07047446072101593
1999047,86.75,3.8256581319728866E-5,0.06861408799886703
1999047,86.85,3.925232158508152E-5,0.06571530550718307
1999047,86.95,3.8902671803953126E-5,0.06761817634105682
1999047,87.05,3.9633698179386556E-5,0.06726976484060287
1999047,87.15,4.035178790218197E-5,0.06544267386198044
1999047,87.25,4.0682152757653967E-5,0.0653577446937561
1999047,87.35,4.1374667489435524E-5,0.06455422192811966
1999047,87.45,4.183815326541662E-5,0.06353403627872467
1999047,87.55,4.263250229996629E-5,0.06251704692840576
1999047,87.65,4.357603029347956E-5,0.061174485832452774
1999047,87.75,4.45589394075796E-5,0.061761051416397095
1999047,87.85,4.540937879937701E-5,0.061276789754629135
1999047,87.95,4.6013792598387226E-5,0.05887975916266441
1999047,88.05,4.672282375395298E-5,0.058505792170763016
1999047,88.15,4.716118928627111E-5,0.05767820030450821
1999047,88.25,4.7642679419368505E-5,0.05651451274752617
1999047,88.35,4.823418930754997E-5,0.05614130198955536
1999047,88.45,4.895510573987849E-5,0.05460691079497337
1999047,88.55,4.927158443024382E-5,0.05417385697364807
1999047,88.65,5.0056631152983755E-5,0.0534895658493042
1999047,88.75,5.1352901209611446E-5,0.051650770008563995
1999047,88.85,5.2559109462890774E-5,0.050119709223508835
1999047,88.95,5.296179006109014E-5,0.04925134778022766
1999047,89.05,5.409544610301964E-5,0.04892141371965408
1999047,89.15,5.509887705557048E-5,0.0477387011051178
1999047,89.25,5.527366738533601E-5,0.04656808823347092
1999047,89.35,5.560884528676979E-5,0.04713352024555206
1999047,89.45,5.7419332733843476E-5,0.04529509320855141
1999047,89.55,6.03440566919744E-5,0.04167915880680084
1999047,89.65,5.807007983094081E-5,0.04569520801305771
1999047,89.75,5.916986629017629E-5,0.04474673420190811
1999047,89.85,5.9853875427506864E-5,0.04378833994269371
1999047,89.95,6.052850585547276E-5,0.0428948774933815
1999047,90.05,6.148984539322555E-5,0.04200156405568123
1999047,90.15,6.191049033077434E-5,0.041973408311605453
1999047,90.25,6.97211071383208E-5,0.03776194900274277
1999047,90.35,9.013872477225959E-5,0.032488979399204254
1999047,90.45,1.0224703146377578E-4,0.026210404932498932
1999047,90.55,7.218834798550233E-5,0.03737923130393028
1999047,90.65,7.144665869418532E-5,0.03739979863166809
1999047,90.75,7.125408592401072E-5,0.03763614967465401
1999047,90.85,7.113722676876932E-5,0.03752097859978676
1999047,90.95,7.141514652175829E-5,0.03730466216802597
1999047,91.05,7.276675023604184E-5,0.03925689309835434
1999047,91.15,7.482415094273165E-5,0.04198941960930824
1999047,91.25,7.29660241631791E-5,0.041350360959768295
1999047,91.35,7.26469443179667E-5,0.03984268382191658
1999047,91.45,6.0743914218619466E-5,0.043532393872737885
1999047,91.55,5.396406777435914E-5,0.04392798990011215
1999047,91.65,5.525893357116729E-5,0.04706146940588951
1999047,91.75,3.425457907724194E-5,0.07515566051006317
1999047,91.85,2.393674549239222E-5,0.11029743403196335
1999047,91.95,2.578143721621018E-5,0.10108047723770142
1999047,92.05,1.4077579180593602E-5,0.11843545734882355
1999047,92.15,1.970372068171855E-5,0.08363953232765198
1999047,92.25,1.8829110558726825E-5,0.08995068818330765
1999047,92.35,3.066159843001515E-5,0.07335101813077927
1999047,92.45,7.930220817797817E-6,0.26040247082710266
1999047,92.55,7.4580889304343145E-6,0.24856191873550415
1999047,92.65,2.223388582933694E-5,0.11140051484107971
1999047,92.75,3.0956496175349457E-6,0.6234537959098816
1999047,92.85,1.6979055317278835E-6,0.7078022956848145
1999047,92.95,3.0412556952796876E-6,0.5997471809387207
1999047,93.05,2.4329283405677415E-5,0.0950576588511467
1999047,93.15,1.2741527825710364E-5,0.18755914270877838
1999047,93.25,2.701331595744705E-6,0.4857616722583771
1999047,93.35,2.4792847398202866E-5,0.10198362171649933
1999047,93.45,3.0018825327715604E-6,0.5756411552429199
1999047,93.55,1.2324441058808588E-6,0.5853546857833862
1999047,93.65,2.965444764413405E-6,0.6055775880813599
1999047,93.75,4.354319389676675E-5,0.05040869489312172
1999047,93.85,2.5920013285940513E-5,0.07713550329208374
1999047,93.95,2.332516942260554E-6,0.7912591695785522
1999047,94.05,2.239357854705304E-6,1.646774411201477
1999047,94.15,1.2498948080974515E-6,1.051900029182434
1999047,94.25,3.1443839816347463E-6,0.806904137134552
1999047,94.35,2.4814742118905997E-6,0.7712133526802063
1999047,94.45,1.697169864200987E-5,0.15428808331489563
1999047,94.55,4.474366050999379E-6,0.5495476722717285
1999047,94.65,2.032827524089953E-6,0.8084288835525513
1999047,94.75,4.2678370846260805E-6,3.4008595943450928
1999047,94.85,5.7325455600221176E-6,0.2971963882446289
1999047,94.95,8.453470218228176E-5,0.037148166447877884
1999047,95.05,4.519609865383245E-5,0.053296349942684174
1999047,95.15,3.4196896194771398E-6,0.698113203048706
1999047,95.25,2.1103057861182606E-6,0.9172319769859314
1999047,95.35,2.0427783056220505E-6,0.9275427460670471
1999047,95.45,2.5618294330342906E-6,1.9621788263320923
1999047,95.55,2.806131988108973E-6,1.785869836807251
1999047,95.65,4.1470566429779865E-6,3.4146311283111572
1999047,95.75,4.141966655879514E-6,3.426001787185669
1999047,95.85,4.142945726925973E-6,0.7040871977806091
1999047,95.95,3.4697259252425283E-6,1.1564733982086182
1999047,96.05,4.160538992437068E-6,3.3838369846343994
1999047,96.15,4.189023002254544E-6,3.402416229248047
1999047,96.25,4.492315838433569E-6,3.1807305812835693
1999047,96.35,4.342550255387323E-6,3.3691227436065674
1999047,96.45,4.675547188526252E-6,3.233767509460449
1999047,96.55,4.50486413683393E-6,3.311553716659546
1999047,96.65,4.306959908717545E-6,3.353109836578369
1999047,96.75,3.5703978937817737E-6,2.24277663230896
1999047,96.85,3.97496569348732E-6,2.6837351322174072
1999047,96.95,2.1526880118472036E-6,1.1318585872650146
1999047,97.05,2.5496931357338326E-6,1.063867449760437
1999047,97.15,1.9608944057836197E-5,0.11622267961502075
1999047,97.25,1.8136014114134014E-4,0.02574634924530983
1999047,97.35,3.776536323130131E-5,0.06382016837596893
1999047,97.45,5.428684289654484E-6,0.6841588616371155
1999047,97.55,6.3804864112171344E-6,0.8546255230903625
1999047,97.65,6.366822635754943E-4,0.06838850677013397
1999047,97.75,0.0010597638320177794,0.03284633904695511
1999047,97.85,1.3997086171002593E-5,0.29983797669410706
1999047,97.95,5.697906544810394E-6,1.1541376113891602
1999047,98.05,5.02730836160481E-6,1.197158694267273
1999047,98.15,6.312124241958372E-6,0.9997534155845642
1999047,98.25,4.720820015791105E-6,1.5513949394226074
1999047,98.35,5.59724549020757E-6,1.2825409173965454
1999047,98.45,5.302822501107585E-6,1.344982385635376
1999047,98.55,4.169355179328704E-6,1.1742738485336304
1999047,98.65,4.130453817197122E-6,1.1841436624526978
1999047,98.75,4.4968091970076784E-6,2.147517681121826
1999047,98.85,1.6221703845076263E-5,0.1179656907916069
1999047,98.95,3.357821697136387E-5,0.07486489415168762
1999047,99.05,2.9519527743104845E-5,0.07273249328136444
1999047,99.15,7.772075332468376E-5,0.046174321323633194
1999047,99.25,2.8990327336941846E-5,0.09713529050350189
1999047,99.35,6.892938017699635E-6,0.7189359664916992
1999047,99.45,6.960878181416774E-6,0.7110487818717957
1999047,99.55,5.371209681470646E-6,0.9494984745979309
1999047,99.65,4.851767698710319E-6,1.0166884660720825
1999047,99.75,7.112436833267566E-6,0.7174091935157776
1999047,99.85,4.794558662979398E-6,1.1179306507110596
1999047,99.95,1.1438672117947135E-5,0.3705717623233795
1999047,100.05,7.0005853558541276E-6,0.7890949249267578
1999047,100.15,4.207282472634688E-6,1.2576457262039185
1999047,100.25,3.816367552644806E-6,1.3030751943588257
1999047,100.35,3.869845841109054E-6,1.3398388624191284
1999047,100.45,4.040524345327867E-6,1.33925461769104
1999047,100.55,5.604199031949975E-6,1.0416264533996582
1999047,100.65,6.536982709803851E-6,0.9047993421554565
1999047,100.75,4.6376239879464265E-6,1.26002037525177
1999047,100.85,6.425071660487447E-6,0.8923521041870117
1999047,100.95,9.989521458919626E-6,0.49830445647239685
1999047,101.05,1.595851244928781E-5,0.27707770466804504
1999047,101.15,5.344609235180542E-6,1.1519800424575806
1999047,101.25,5.835036063217558E-6,1.1487030982971191
1999047,101.35,5.096288532513427E-6,1.3271772861480713
1999047,101.45,5.610294920188608E-6,1.243956208229065
1999047,101.55,7.76747128838906E-6,0.8435083627700806
1999047,101.65,6.764697900507599E-6,1.0200092792510986
1999047,101.75,9.440831490792334E-6,0.6555699706077576
1999047,101.85,8.103595064312685E-6,0.8793952465057373
1999047,101.95,6.933741133252624E-6,1.0948457717895508
1999047,102.05,7.226967227325076E-6,0.9337961673736572
1999047,102.15,1.1524320143507794E-5,0.47920528054237366
1999047,102.25,7.349287443503272E-6,0.9462864398956299
1999047,102.35,9.178276741295122E-6,0.6848318576812744
1999047,102.45,3.988239768659696E-5,0.1258145570755005
1999047,102.55,7.045551901683211E-4,0.031022584065794945
1999047,102.65,3.043291799258441E-4,0.03972538933157921
1999047,102.75,5.7548350014258176E-5,0.054977815598249435
1999047,102.85,2.5931705749826506E-5,0.13192525506019592
1999047,102.95,9.526004760118667E-6,0.6206961274147034
1999047,103.05,9.831385796132963E-6,0.6095165014266968
1999047,103.15,3.799479454755783E-4,0.05480879545211792
1999047,103.25,3.530758840497583E-4,0.040165286511182785
1999047,103.35,1.1309837645967491E-5,0.45051130652427673
1999047,103.45,9.067515748029109E-6,0.6833500266075134
1999047,103.55,1.7439624571125023E-5,0.23975075781345367
1999047,103.65,1.207897366839461E-4,0.04205939918756485
1999047,103.75,3.8133590715005994E-4,0.031099198386073112
1999047,103.85,7.000332698225975E-5,0.06118365004658699
1999047,103.95,9.934805348166265E-6,0.3789006173610687
1999047,104.05,8.25578081276035E-6,0.503462016582489
1999047,104.15,1.0832332009158563E-5,0.31762340664863586
1999047,104.25,7.008355169091374E-6,0.724233090877533
1999047,104.35,6.160056727821939E-6,0.819265604019165
1999047,104.45,6.068672973924549E-6,0.8313318490982056
1999047,104.55,6.633636076003313E-6,0.769733726978302
1999047,104.65,6.464675607276149E-6,0.8556617498397827
1999047,104.75,6.480876891146181E-6,0.8836379051208496
1999047,104.85,6.816547738708323E-6,0.7986244559288025
1999047,104.95,7.2446055128239095E-6,0.6783367991447449
1999047,105.05,6.313738595054019E-6,0.6796678304672241
1999047,105.15,6.762395969417412E-6,0.8700068593025208
1999047,105.25,7.348961844400037E-6,0.7784547209739685
1999047,105.35,7.465266207873356E-6,0.7683655619621277
1999047,105.45,7.903642654127907E-6,0.7524467706680298
1999047,105.55,7.865291081543546E-6,0.7970367074012756
1999047,105.65,7.95981668488821E-6,0.8055410385131836
1999047,105.75,8.054342288232874E-6,0.7948015332221985
1999047,105.85,8.148875167535152E-6,0.7934843301773071
1999047,105.95,8.243400770879816E-6,0.656988263130188
1999047,106.05,8.33792637422448E-6,1060.0
1999047,106.15,8.432451977569144E-6,1061.0
1999047,106.25,8.526977580913808E-6,1062.0
1999047,106.35,8.621510460216086E-6,1063.0
1999047,106.45,8.71603606356075E-6,1064.0
1999047,106.55,8.810561666905414E-6,1065.0
1999047,106.65,8.905087270250078E-6,1066.0
1999047,106.75,8.999612873594742E-6,1067.0
1999047,106.85,9.09414575289702E-6,1068.0
1999047,106.95,9.188671356241684E-6,1069.0
1999047,107.05,9.283196959586348E-6,1070.0
1999047,107.15,9.377723472425714E-6,1071.0
1999047,107.25,9.472249075770378E-6,1072.0
1999047,107.35,9.566781955072656E-6,1073.0
1999047,107.45,9.66130755841732E-6,1074.0
1999047,107.55,9.755833161761984E-6,1075.0
1999047,107.65,9.850358765106648E-6,1076.0
1999047,107.75,9.944884368451312E-6,1077.0
1999047,107.85,1.003941724775359E-5,1078.0
1999047,107.95,1.0133942851098254E-5,1079.0
1999047,108.05,1.0228468454442918E-5,1080.0
1999047,108.15,1.0322994057787582E-5,1081.0
1999047,108.25,1.0417519661132246E-5,1082.0
1999047,108.35,1.0512052540434524E-5,1083.0
1999047,108.45,1.0606578143779188E-5,1084.0
1999047,108.55,1.0701103747123852E-5,1085.0
1999047,108.65,1.0795629350468516E-5,1086.0
1999047,108.75,1.089015495381318E-5,1087.0
1999047,108.85,1.0984687833115458E-5,1088.0
1999047,108.95,1.1079213436460122E-5,1089.0
1999047,109.05,1.1173739039804786E-5,1090.0
1999047,109.15,1.126826464314945E-5,1091.0
1999047,109.25,1.1362790246494114E-5,1092.0
1999047,109.35,1.1457323125796393E-5,1093.0
1999047,109.45,1.1551848729141057E-5,1094.0
1999047,109.55,1.164637433248572E-5,1095.0
1999047,109.65,1.1740899935830384E-5,1096.0
1999047,109.75,1.1835425539175048E-5,1097.0
1999047,109.85,1.1929958418477327E-5,1098.0
1999047,109.95,1.202448402182199E-5,1099.0
1999047,110.05,1.2119009625166655E-5,1100.0
1999047,110.15,1.2213535228511319E-5,1101.0
1999047,110.25,1.2308060831855983E-5,1102.0
1999047,110.35,1.240259371115826E-5,1103.0
1999047,110.45,1.2497119314502925E-5,1104.0
1999047,110.55,1.2591644917847589E-5,1105.0
1999047,110.65,1.2686170521192253E-5,1106.0
1999047,110.75,1.2780696124536917E-5,1107.0
1999047,110.85,1.2875229003839195E-5,1108.0
1999047,110.95,1.2969754607183859E-5,1109.0
1999047,111.05,1.3064281120023225E-5,1110.0
1999047,111.15,1.3158805813873187E-5,1111.0
1999047,111.25,1.3253332326712552E-5,1112.0
1999047,111.35,1.3347864296520129E-5,1113.0
1999047,111.45,1.3442390809359495E-5,1114.0
1999047,111.55,1.3536915503209457E-5,1115.0
1999047,111.65,1.3631442016048823E-5,1116.0
1999047,111.75,1.3725967619393487E-5,1117.0
1999047,111.85,1.3820500498695765E-5,1118.0
1999047,111.95,1.3915026102040429E-5,1119.0
1999047,112.05,1.4009551705385093E-5,1120.0
1999047,112.15,1.4104077308729757E-5,1121.0
1999047,112.25,1.4198603821569122E-5,1122.0
1999047,112.35,1.42931367008714E-5,1123.0
1999047,112.45,1.4387662304216065E-5,1124.0
1999047,112.55,1.4482186998066027E-5,1125.0
1999047,112.65,1.457671260141069E-5,1126.0
1999047,112.75,1.4671239114250056E-5,1127.0
1999047,112.85,1.4765771084057633E-5,1128.0
1999047,112.95,1.4860297596896999E-5,1129.0
1999047,113.05,1.4954823200241663E-5,1130.0
1999047,113.15,1.5049347894091625E-5,1131.0
1999047,113.25,1.514387440693099E-5,1132.0
1999047,113.35,1.5238406376738567E-5,1133.0
1999047,113.45,1.5332932889577933E-5,1134.0
1999047,113.55,1.5427458492922597E-5,1135.0
1999047,113.65,1.5521982277277857E-5,1136.0
1999047,113.75,1.5616509699611925E-5,1137.0
1999047,113.85,1.57110407599248E-5,1138.0
1999047,113.95,1.5805568182258867E-5,1139.0
1999047,114.05,1.590009378560353E-5,1140.0
1999047,114.15,1.5994619388948195E-5,1141.0
1999047,114.25,1.608914499229286E-5,1142.0
1999047,114.35,1.6183677871595137E-5,1143.0
1999047,114.45,1.62782034749398E-5,1144.0
1999047,114.55,1.6372729078284465E-5,1145.0
1999047,114.65,1.646725468162913E-5,1146.0
1999047,114.75,1.6561780284973793E-5,1147.0
1999047,114.85,1.665631316427607E-5,1148.0
1999047,114.95,1.6750838767620735E-5,1149.0
1999047,115.05,1.68453643709654E-5,0.08097611367702484
1999047,115.15,2.2765905669075437E-5,0.07254444062709808
1999047,115.25,2.717699680943042E-5,0.06110408902168274
1999047,115.35,1.6832431356306188E-5,0.0719190463423729
1999047,115.45,1.682077709119767E-5,0.07223450392484665
1999047,115.55,2.3473548935726285E-5,0.06157166510820389
1999047,115.65,2.8391257728799246E-5,0.054700497537851334
1999047,115.75,2.6493291443330236E-5,0.0587657205760479
1999047,115.85,2.970889545395039E-5,0.05351938679814339
1999047,115.95,2.0821809812332503E-5,0.05960412323474884
1999047,116.05,2.0506733562797308E-5,0.0613890141248703
1999047,116.15,2.8575297619681805E-5,0.04703892022371292
1999047,116.25,2.3295655410038307E-5,0.05326385051012039
1999047,116.35,2.291449527547229E-5,0.053099025040864944
1999047,116.45,2.4176079023163766E-5,0.051040831953287125
1999047,116.55,2.467419471940957E-5,0.05041539669036865
1999047,116.65,3.319967072457075E-5,0.04288080707192421
1999047,116.75,3.2965159334708005E-5,0.0414380244910717
1999047,116.85,2.5562369046383537E-5,0.046688806265592575
1999047,116.95,2.8374875910230912E-5,0.04651574790477753
1999047,117.05,4.009611438959837E-5,0.038053400814533234
1999047,117.15,3.6401848774403334E-5,0.04318012297153473
1999047,117.25,3.5374894650885835E-5,0.04493130370974541
1999047,117.35,2.869328818633221E-5,0.05596655607223511
1999047,117.45,1.2355257058516145E-4,0.03990498185157776
1999047,117.55,4.0741125121712685E-4,0.025792613625526428
1999047,117.65,2.1510798251256347E-4,0.03657296299934387
1999047,117.75,4.7590143367415294E-5,0.05891727656126022
1999047,117.85,3.357659443281591E-5,0.04535653069615364
1999047,117.95,2.961314021376893E-5,0.04673735424876213
1999047,118.05,2.826239142450504E-5,0.040149375796318054
1999047,118.15,3.044559525733348E-5,0.03436622768640518
1999047,118.25,3.119756729574874E-5,0.03546377271413803
1999047,118.35,3.489252048893832E-5,0.03451230004429817
1999047,118.45,3.5946955904364586E-5,0.03307810425758362
1999047,118.55,3.8066234992584214E-5,0.0332021601498127
1999047,118.65,3.8678597775287926E-5,0.03357217088341713
1999047,118.75,3.987994205090217E-5,0.03255464509129524
1999047,118.85,4.256837200955488E-5,0.032833971083164215
1999047,118.95,5.427940413937904E-5,0.035626303404569626
1999047,119.05,7.247161556733772E-5,0.03970588743686676
1999047,119.15,4.62004572909791E-5,0.041797980666160583
1999047,119.25,4.888877447228879E-5,0.041513845324516296
1999047,119.35,7.10158419678919E-5,0.03968176618218422
1999047,119.45,8.633708057459444E-5,0.0411965548992157
1999047,119.55,5.4986492614261806E-5,0.038481004536151886
1999047,119.65,5.1732076826738194E-5,0.04090830311179161
1999047,119.75,6.217556801857427E-5,0.03848850727081299
1999047,119.85,5.951934144832194E-5,0.038951609283685684
1999047,119.95,8.308811811730266E-5,0.03111090324819088
1999047,120.05,8.48213821882382E-5,0.03385929763317108
1999047,120.15,7.043396180961281E-5,0.031342338770627975
1999047,120.25,5.865368802915327E-5,0.02876373939216137
1999047,120.35,6.455564289353788E-5,0.02692999877035618
1999047,120.45,7.429418474202976E-5,0.03216871991753578
1999047,120.55,1.4915924111846834E-4,0.06464173644781113
1999047,120.65,0.0010274354135617614,0.047976650297641754
1999047,120.75,3.107184311375022E-4,0.05132710933685303
1999047,120.85,9.70441906247288E-5,0.026240086182951927
1999047,120.95,1.1397218622732908E-4,0.028311079367995262
1999047,121.05,1.353017578367144E-4,0.03832639381289482
1999047,121.15,1.876509195426479E-4,0.026846228167414665
1999047,121.25,3.0325533589348197E-4,0.060765739530324936
1999047,121.35,6.442966405302286E-4,0.057343740016222
1999047,121.45,0.006532043684273958,0.05012272670865059
1999047,121.55,0.052073292434215546,0.03331013023853302
1999047,121.65,0.02472429908812046,0.03933782875537872
1999047,121.75,0.0012076785787940025,0.028898144140839577
1999047,121.85,5.035944632254541E-4,0.022445539012551308
1999047,121.95,2.2238586097955704E-4,0.02440960705280304
1999047,122.05,1.5546336362604052E-4,0.025222988799214363
1999047,122.15,1.1584954336285591E-4,0.024890955537557602
1999047,122.25,9.536466677673161E-5,0.024362269788980484
1999047,122.35,7.907723920652643E-5,0.0248787309974432
1999047,122.45,7.176156213972718E-5,0.024672191590070724
1999047,122.55,6.374224176397547E-5,0.02781728282570839
1999047,122.65,5.566808977164328E-5,0.031055426225066185
1999047,122.75,5.431875615613535E-5,0.029395461082458496
1999047,122.85,5.07945405843202E-5,0.02965278923511505
1999047,122.95,4.659009209717624E-5,0.029511576518416405
1999047,123.05,4.282966983737424E-5,0.030412597581744194
1999047,123.15,3.9924820157466456E-5,0.030482476577162743
1999047,123.25,3.9056845707818866E-5,0.031756751239299774
1999047,123.35,3.8149781175889075E-5,0.03191143646836281
1999047,123.45,3.619987910497002E-5,0.0318475104868412
1999047,123.55,3.509615271468647E-5,0.03157994523644447
1999047,123.65,3.360346454428509E-5,0.036796387284994125
1999047,123.75,3.405689858482219E-5,0.04251886159181595
1999047,123.85,1.281200529774651E-4,0.03616132214665413
1999047,123.95,8.08494005468674E-5,0.04015912860631943
1999047,124.05,3.2448126148665324E-5,0.046068526804447174
1999047,124.15,3.791402923525311E-5,0.04467079043388367
1999047,124.25,8.435468043899164E-5,0.0371231883764267
1999047,124.35,5.078521280665882E-5,0.03943512216210365
1999047,124.45,2.7645350201055408E-5,0.04633240029215813
1999047,124.55,2.7243591830483638E-5,0.04217379912734032
1999047,124.65,2.6958798116538674E-5,0.04428291320800781
1999047,124.75,3.0476634492515586E-5,0.04108665883541107
1999047,124.85,2.3530947146355174E-5,0.043293245136737823
