% VITMO ModelWeb Browser Results
% iri2016 model listing
% Required input parameters
% Year= 2000., Month= 01, Day= 01, Hour=20.,
% Time_type = Universal
% Coordinate_type = Geographic
% Latitude= 69.8, Longitude= 20., Height= 100.
% Prof. parameters: Start= 100. Stop= 600. Step= 1.
% 
% Optional input parameters:
% Sunspot number(Rz12) =not specified
% F10.7 radio flux (daily)= not specified
% F10.7 radio flux (81-day)= not specified
% Ionospheric index(IG12) =not specified
% Upper limit for Electron content = not specified
% F peak model = URSI
% F-peak height = AMTB2013
% Ne Topside = NeQuick
% foF2 Storm model = on
% Bottomside Thickness = ABT-2009
% F1 occurrence probability = Scotto-1997 no L
% foE Storm model = off
% D-Region Ne = IRI-95
% Topside Te = BIL-1995
% Ion Composition = RBV10/TBT15
% NmF2 or foF2 not specified = 0.,
% hmF2 or M(3000)F2 not specified = 0.,
% NmE or foE not specified = 0.,
% Auroral boundary = on
% A value of -1 indicates that the parameter is not available for the specified range
% TEC=-1, means you have not entered an upper boundary height in the OPTIONAL INPUT section.
% 
%    Selected parameters are:
% 1 Height, km
% 2 Electron_density_Ne, m-3
% 3 Ti, K
% 4 Te, K
% 5 O_ions, %
% 6 H_ions, %
% 7 He_ions, %
% 8 O2_ions, %
% 9 NO_ions, %
% 10 Cluster_ions, %
% 11 N_ions, %
%
%      1            2      3      4     5     6     7     8     9    10    11
  100.00  0.33407E+10  189.8  189.8   0.0   0.0   0.0   4.2  95.8  -1.0   0.0
  101.00  0.34411E+10  192.8  192.8   0.0   0.0   0.0   4.5  95.5  -1.0   0.0
  102.00  0.35070E+10  196.8  196.8   0.0   0.0   0.0   4.7  95.3  -1.0   0.0
  103.00  0.35477E+10  201.8  201.8   0.0   0.0   0.0   4.9  95.1  -1.0   0.0
  104.00  0.35709E+10  207.7  207.7   0.0   0.0   0.0   5.0  95.0  -1.0   0.0
  105.00  0.35829E+10  214.5  214.5   0.0   0.0   0.0   5.2  94.8  -1.0   0.0
  106.00  0.35884E+10  222.2  222.2   0.0   0.0   0.0   5.3  94.7  -1.0   0.0
  107.00  0.35904E+10  230.8  230.8   0.0   0.0   0.0   5.4  94.6  -1.0   0.0
  108.00  0.35910E+10  240.1  240.1   0.0   0.0   0.0   5.4  94.6  -1.0   0.0
  109.00  0.35910E+10  250.1  250.1   0.0   0.0   0.0   5.5  94.5  -1.0   0.0
  110.00  0.35910E+10  260.7  260.7   0.0   0.0   0.0   5.6  94.4  -1.0   0.0
  111.00  0.35562E+10  271.5  271.5   0.0   0.0   0.0   5.6  94.4  -1.0   0.0
  112.00  0.34599E+10  282.5  282.5   0.0   0.0   0.0   5.6  94.4  -1.0   0.0
  113.00  0.33152E+10  293.9  293.9   0.0   0.0   0.0   5.4  94.6  -1.0   0.0
  114.00  0.31359E+10  305.5  305.5   0.0   0.0   0.0   5.2  94.8  -1.0   0.0
  115.00  0.29346E+10  317.4  317.4   0.0   0.0   0.0   5.0  95.0  -1.0   0.0
  116.00  0.27226E+10  329.5  329.5   0.0   0.0   0.0   4.7  95.3  -1.0   0.0
  117.00  0.25087E+10  342.0  342.0   0.0   0.0   0.0   4.3  95.7  -1.0   0.0
  118.00  0.22999E+10  354.8  354.8   0.0   0.0   0.0   4.0  96.0  -1.0   0.0
  119.00  0.21012E+10  368.1  368.1   0.0   0.0   0.0   3.7  96.3  -1.0   0.0
  120.00  0.19158E+10  381.8  381.8   0.0   0.0   0.0   3.4  96.6  -1.0   0.0
  121.00  0.17456E+10  396.0  396.0   0.0   0.0   0.0   3.1  96.8  -1.0   0.0
  122.00  0.15915E+10  411.0  411.0   0.0   0.0   0.0   2.9  97.1  -1.0   0.0
  123.00  0.14533E+10  426.7  426.7   0.0   0.0   0.0   2.7  97.3  -1.0   0.0
  124.00  0.13307E+10  443.4  443.4   0.0   0.0   0.0   2.5  97.5  -1.0   0.0
  125.00  0.12226E+10  459.6  459.6   0.0   0.0   0.0   2.3  97.7  -1.0   0.0
  126.00  0.11282E+10  475.4  475.4   0.0   0.0   0.0   2.1  97.9  -1.0   0.0
  127.00  0.10461E+10  490.8  490.8   0.0   0.0   0.0   2.0  98.0  -1.0   0.0
  128.00  0.97539E+09  505.8  505.8   0.0   0.0   0.0   1.9  98.1  -1.0   0.0
  129.00  0.91485E+09  520.4  520.4   0.0   0.0   0.0   1.8  98.2  -1.0   0.0
  130.00  0.86353E+09  534.7  534.7   0.0   0.0   0.0   1.7  98.3  -1.0   0.0
  131.00  0.82050E+09  548.5  548.5   0.0   0.0   0.0   1.7  98.3  -1.0   0.0
  132.00  0.78496E+09  562.0  562.0   0.0   0.0   0.0   1.6  98.4  -1.0   0.0
  133.00  0.75623E+09  575.2  575.2   0.0   0.0   0.0   1.6  98.4  -1.0   0.0
  134.00  0.73370E+09  588.0  588.0   0.0   0.0   0.0   1.6  98.4  -1.0   0.0
  135.00  0.71687E+09  600.5  600.5   0.0   0.0   0.0   1.6  98.4  -1.0   0.0
  136.00  0.70535E+09  612.6  612.6   0.0   0.0   0.0   1.6  98.4  -1.0   0.0
  137.00  0.69880E+09  624.5  624.5   0.0   0.0   0.0   1.6  98.4  -1.0   0.0
  138.00  0.69697E+09  636.0  636.0   0.0   0.0   0.0   1.6  98.4  -1.0   0.0
  139.00  0.69967E+09  647.2  647.2   0.0   0.0   0.0   1.6  98.3  -1.0   0.0
  140.00  0.70677E+09  658.2  658.2   0.0   0.0   0.0   1.7  98.3  -1.0   0.0
  141.00  0.71817E+09  668.8  668.8   0.0   0.0   0.0   1.8  98.2  -1.0   0.0
  142.00  0.73386E+09  679.2  679.2   0.1   0.0   0.0   1.8  98.1  -1.0   0.0
  143.00  0.75380E+09  689.3  691.5   0.1   0.0   0.0   1.9  98.0  -1.0   0.0
  144.00  0.77804E+09  699.2  703.5   0.1   0.0   0.0   2.0  97.9  -1.0   0.0
  145.00  0.80660E+09  708.8  715.2   0.1   0.0   0.0   2.1  97.9  -1.0   0.0
  146.00  0.83955E+09  718.2  726.5   0.1   0.0   0.0   2.1  97.8  -1.0   0.0
  147.00  0.87693E+09  727.3  737.4   0.1   0.0   0.0   2.1  97.8  -1.0   0.0
  148.00  0.91880E+09  736.1  747.9   0.1   0.0   0.0   2.2  97.7  -1.0   0.0
  149.00  0.96519E+09  744.8  758.0   0.1   0.0   0.0   2.2  97.7  -1.0   0.0
  150.00  0.10161E+10  753.2  767.6   0.1   0.0   0.0   2.3  97.6  -1.0   0.0
  151.00  0.10716E+10  761.4  776.6   0.1   0.0   0.0   2.4  97.5  -1.0   0.0
  152.00  0.11315E+10  769.4  785.2   0.2   0.0   0.0   2.5  97.4  -1.0   0.0
  153.00  0.11958E+10  777.2  793.3   0.2   0.0   0.0   2.6  97.2  -1.0   0.0
  154.00  0.12642E+10  784.8  800.9   0.2   0.0   0.0   2.7  97.1  -1.0   0.0
  155.00  0.13367E+10  792.2  808.1   0.2   0.0   0.0   2.8  97.0  -1.0   0.0
  156.00  0.14128E+10  799.4  814.8   0.3   0.0   0.0   2.9  96.8  -1.0   0.0
  157.00  0.14924E+10  806.4  821.2   0.3   0.0   0.0   3.1  96.6  -1.0   0.0
  158.00  0.15749E+10  813.2  827.2   0.3   0.0   0.0   3.2  96.5  -1.0   0.0
  159.00  0.16601E+10  819.9  833.0   0.4   0.0   0.0   3.4  96.3  -1.0   0.0
  160.00  0.17474E+10  826.4  838.4   0.4   0.0   0.0   3.5  96.1  -1.0   0.0
  161.00  0.18365E+10  832.7  843.6   0.5   0.0   0.0   3.7  95.9  -1.0   0.0
  162.00  0.19270E+10  838.9  848.6   0.5   0.0   0.0   3.8  95.6  -1.0   0.0
  163.00  0.20185E+10  844.9  853.5   0.6   0.0   0.0   4.0  95.4  -1.0   0.0
  164.00  0.21109E+10  850.7  858.2   0.6   0.0   0.0   4.2  95.2  -1.0   0.0
  165.00  0.22040E+10  856.4  862.7   0.7   0.0   0.0   4.4  94.9  -1.0   0.0
  166.00  0.22980E+10  861.9  867.2   0.8   0.0   0.0   4.5  94.7  -1.0   0.0
  167.00  0.23932E+10  867.4  871.6   0.8   0.0   0.0   4.7  94.4  -1.0   0.0
  168.00  0.24902E+10  872.6  875.9   0.9   0.0   0.0   4.9  94.2  -1.0   0.0
  169.00  0.25901E+10  877.8  880.1   1.0   0.0   0.0   5.1  93.9  -1.0   0.0
  170.00  0.26940E+10  882.8  884.3   1.1   0.0   0.0   5.3  93.6  -1.0   0.0
  171.00  0.28039E+10  887.6  888.4   1.2   0.0   0.0   5.5  93.3  -1.0   0.0
  172.00  0.29222E+10  892.4  892.6   1.3   0.0   0.0   5.8  92.9  -1.0   0.0
  173.00  0.30519E+10  897.0  897.0   1.4   0.0   0.0   6.0  92.5  -1.0   0.0
  174.00  0.31970E+10  901.5  901.5   1.6   0.0   0.0   6.3  92.1  -1.0   0.0
  175.00  0.33625E+10  905.9  905.9   1.7   0.0   0.0   6.6  91.6  -1.0   0.0
  176.00  0.35549E+10  910.2  910.2   1.9   0.0   0.0   7.0  91.1  -1.0   0.0
  177.00  0.38565E+10  914.4  914.4   2.2   0.0   0.0   7.5  90.2  -1.0   0.0
  178.00  0.41766E+10  918.4  918.4   2.5   0.0   0.0   8.1  89.4  -1.0   0.0
  179.00  0.44966E+10  922.4  922.4   2.8   0.0   0.0   8.7  88.5  -1.0   0.0
  180.00  0.48167E+10  926.2  926.2   3.1   0.0   0.0   9.2  87.6  -1.0   0.0
  181.00  0.51367E+10  930.0  930.0   3.4   0.0   0.0   9.8  86.7  -1.0   0.0
  182.00  0.54568E+10  933.7  933.7   3.8   0.0   0.0  10.3  85.8  -1.0   0.0
  183.00  0.57768E+10  937.2  937.2   4.2   0.0   0.0  10.9  84.9  -1.0   0.0
  184.00  0.60969E+10  940.7  940.7   4.6   0.0   0.0  11.4  83.9  -1.0   0.0
  185.00  0.64169E+10  944.1  944.7   5.0   0.0   0.0  11.9  83.0  -1.0   0.0
  186.00  0.67370E+10  947.4  948.7   5.5   0.0   0.0  12.4  82.0  -1.0   0.0
  187.00  0.70570E+10  950.6  952.6   5.9   0.0   0.0  12.9  81.1  -1.0   0.0
  188.00  0.73771E+10  953.8  956.6   6.4   0.0   0.0  13.4  80.1  -1.0   0.0
  189.00  0.76971E+10  956.8  960.6   6.9   0.0   0.0  13.9  79.1  -1.0   0.0
  190.00  0.80172E+10  959.8  964.5   7.5   0.0   0.0  14.3  78.1  -1.0   0.0
  191.00  0.83373E+10  962.7  968.5   8.1   0.0   0.0  14.8  77.1  -1.0   0.0
  192.00  0.86573E+10  965.5  972.5   8.7   0.0   0.0  15.2  76.0  -1.0   0.0
  193.00  0.89774E+10  968.3  976.4   9.3   0.0   0.0  15.6  75.0  -1.0   0.0
  194.00  0.92974E+10  971.0  980.4   9.9   0.0   0.0  16.0  73.9  -1.0   0.0
  195.00  0.96175E+10  973.6  984.3  10.6   0.0   0.0  16.4  72.9  -1.0   0.0
  196.00  0.99375E+10  976.1  988.3  11.3   0.0   0.0  16.7  71.8  -1.0   0.0
  197.00  0.10258E+11  978.6  992.3  12.0   0.0   0.0  17.1  70.7  -1.0   0.0
  198.00  0.10578E+11  981.0  996.2  12.8   0.0   0.0  17.4  69.6  -1.0   0.0
  199.00  0.10898E+11  983.4 1000.2  13.6   0.0   0.0  17.7  68.5  -1.0   0.0
  200.00  0.11218E+11  985.7 1004.1  14.4   0.0   0.0  18.0  67.4  -1.0   0.0
  201.00  0.11538E+11  987.9 1008.1  15.2   0.0   0.0  18.3  66.3  -1.0   0.0
  202.00  0.11858E+11  990.1 1012.1  16.1   0.0   0.0  18.6  65.2  -1.0   0.0
  203.00  0.12178E+11  992.3 1016.0  16.9   0.0   0.0  18.8  64.1  -1.0   0.0
  204.00  0.12498E+11  994.3 1020.0  17.8   0.0   0.0  19.0  63.0  -1.0   0.0
  205.00  0.12818E+11  996.4 1023.9  18.8   0.0   0.0  19.2  61.8  -1.0   0.0
  206.00  0.13138E+11  998.3 1027.9  19.7   0.0   0.0  19.4  60.7  -1.0   0.0
  207.00  0.13458E+11 1000.3 1031.9  20.7   0.0   0.0  19.5  59.6  -1.0   0.0
  208.00  0.13778E+11 1002.3 1035.8  21.6   0.0   0.0  19.6  58.5  -1.0   0.0
  209.00  0.14098E+11 1004.3 1039.8  22.6   0.0   0.0  19.7  57.5  -1.0   0.0
  210.00  0.14418E+11 1006.4 1043.8  23.6   0.0   0.0  19.8  56.4  -1.0   0.0
  211.00  0.14738E+11 1008.5 1047.7  24.6   0.0   0.0  19.8  55.3  -1.0   0.0
  212.00  0.15058E+11 1010.5 1051.7  25.6   0.0   0.0  19.9  54.3  -1.0   0.0
  213.00  0.15378E+11 1012.6 1055.6  26.7   0.0   0.0  19.9  53.2  -1.0   0.0
  214.00  0.15698E+11 1014.7 1059.6  27.7   0.0   0.0  19.9  52.2  -1.0   0.0
  215.00  0.16019E+11 1016.8 1063.6  28.8   0.0   0.0  19.8  51.1  -1.0   0.0
  216.00  0.16339E+11 1018.8 1067.5  29.9   0.0   0.0  19.8  50.1  -1.0   0.0
  217.00  0.16659E+11 1020.9 1071.5  31.0   0.0   0.0  19.7  49.0  -1.0   0.0
  218.00  0.16979E+11 1023.0 1075.4  32.1   0.0   0.0  19.6  48.0  -1.0   0.0
  219.00  0.17329E+11 1025.0 1079.4  33.2   0.0   0.0  19.5  46.9  -1.0   0.0
  220.00  0.17734E+11 1027.1 1083.4  34.5   0.0   0.0  19.4  45.8  -1.0   0.0
  221.00  0.18147E+11 1029.2 1087.3  35.7   0.0   0.0  19.3  44.7  -1.0   0.0
  222.00  0.18569E+11 1031.2 1091.3  37.0   0.0   0.0  19.2  43.6  -1.0   0.0
  223.00  0.19000E+11 1033.3 1095.2  38.3   0.0   0.0  19.0  42.5  -1.0   0.0
  224.00  0.19440E+11 1035.4 1099.2  39.6   0.0   0.0  18.8  41.4  -1.0   0.0
  225.00  0.19889E+11 1037.5 1103.2  40.9   0.0   0.0  18.6  40.3  -1.0   0.0
  226.00  0.20347E+11 1039.5 1107.1  42.2   0.0   0.0  18.4  39.2  -1.0   0.0
  227.00  0.20815E+11 1041.6 1111.1  43.5   0.0   0.0  18.1  38.1  -1.0   0.0
  228.00  0.21293E+11 1043.7 1115.0  44.8   0.0   0.0  17.9  37.0  -1.0   0.0
  229.00  0.21780E+11 1045.7 1119.0  46.1   0.0   0.0  17.6  36.0  -1.0   0.1
  230.00  0.22277E+11 1047.8 1123.0  47.5   0.0   0.0  17.3  34.9  -1.0   0.1
  231.00  0.22784E+11 1049.9 1126.9  48.8   0.0   0.0  17.0  33.9  -1.0   0.1
  232.00  0.23301E+11 1051.9 1130.9  50.1   0.0   0.0  16.7  32.9  -1.0   0.1
  233.00  0.23828E+11 1054.0 1134.8  51.5   0.0   0.0  16.3  31.9  -1.0   0.1
  234.00  0.24367E+11 1056.1 1138.8  52.8   0.0   0.0  16.0  30.9  -1.0   0.1
  235.00  0.24915E+11 1058.2 1142.8  54.1   0.0   0.0  15.7  29.9  -1.0   0.1
  236.00  0.25475E+11 1060.2 1146.7  55.4   0.0   0.0  15.3  29.0  -1.0   0.1
  237.00  0.26045E+11 1062.3 1150.7  56.7   0.0   0.0  14.9  28.0  -1.0   0.1
  238.00  0.26627E+11 1064.4 1154.6  58.0   0.0   0.0  14.6  27.1  -1.0   0.1
  239.00  0.27219E+11 1066.4 1158.6  59.2   0.0   0.0  14.2  26.2  -1.0   0.1
  240.00  0.27824E+11 1068.5 1162.6  60.5   0.0   0.0  13.8  25.3  -1.0   0.1
  241.00  0.28439E+11 1070.6 1166.5  61.7   0.0   0.0  13.5  24.5  -1.0   0.1
  242.00  0.29067E+11 1072.6 1170.5  63.0   0.0   0.0  13.1  23.6  -1.0   0.1
  243.00  0.29706E+11 1074.7 1174.4  64.2   0.0   0.0  12.7  22.8  -1.0   0.1
  244.00  0.30357E+11 1076.8 1178.4  65.3   0.0   0.0  12.3  22.0  -1.0   0.1
  245.00  0.31021E+11 1078.9 1182.4  66.5   0.0   0.0  11.9  21.2  -1.0   0.1
  246.00  0.31697E+11 1080.9 1186.3  67.6   0.0   0.0  11.6  20.5  -1.0   0.1
  247.00  0.32385E+11 1083.0 1190.3  68.8   0.0   0.0  11.2  19.7  -1.0   0.1
  248.00  0.33085E+11 1085.1 1194.2  69.8   0.0   0.0  10.8  19.0  -1.0   0.1
  249.00  0.33799E+11 1087.1 1198.2  70.9   0.0   0.0  10.5  18.3  -1.0   0.1
  250.00  0.34525E+11 1089.2 1202.2  71.9   0.0   0.0  10.1  17.6  -1.0   0.1
  251.00  0.35264E+11 1091.3 1206.1  73.0   0.0   0.0   9.7  17.0  -1.0   0.1
  252.00  0.36017E+11 1093.3 1210.1  74.0   0.0   0.0   9.4  16.3  -1.0   0.1
  253.00  0.36782E+11 1095.4 1214.0  74.9   0.0   0.0   9.1  15.7  -1.0   0.1
  254.00  0.37561E+11 1097.5 1218.0  75.9   0.0   0.0   8.7  15.1  -1.0   0.1
  255.00  0.38354E+11 1099.6 1222.0  76.8   0.0   0.0   8.4  14.5  -1.0   0.1
  256.00  0.39160E+11 1101.6 1225.9  77.7   0.0   0.0   8.1  13.9  -1.0   0.1
  257.00  0.39979E+11 1103.7 1229.9  78.5   0.0   0.0   7.7  13.4  -1.0   0.1
  258.00  0.40813E+11 1105.8 1233.8  79.4   0.0   0.0   7.4  12.9  -1.0   0.1
  259.00  0.41660E+11 1107.8 1237.8  80.2   0.0   0.0   7.1  12.4  -1.0   0.1
  260.00  0.42522E+11 1109.9 1241.8  80.9   0.0   0.0   6.9  11.9  -1.0   0.1
  261.00  0.43397E+11 1112.0 1245.7  81.7   0.0   0.0   6.6  11.4  -1.0   0.1
  262.00  0.44287E+11 1114.0 1249.7  82.4   0.0   0.0   6.3  11.0  -1.0   0.1
  263.00  0.45191E+11 1116.1 1253.6  83.1   0.0   0.0   6.0  10.5  -1.0   0.1
  264.00  0.46109E+11 1118.2 1257.6  83.8   0.0   0.0   5.8  10.1  -1.0   0.1
  265.00  0.47042E+11 1120.3 1261.6  84.5   0.0   0.0   5.5   9.7  -1.0   0.1
  266.00  0.47990E+11 1122.3 1265.5  85.1   0.0   0.0   5.3   9.3  -1.0   0.1
  267.00  0.48951E+11 1124.4 1269.5  85.7   0.0   0.0   5.1   8.9  -1.0   0.1
  268.00  0.49928E+11 1126.5 1273.4  86.3   0.0   0.0   4.8   8.5  -1.0   0.1
  269.00  0.50919E+11 1128.5 1277.4  86.9   0.0   0.0   4.6   8.2  -1.0   0.1
  270.00  0.51925E+11 1130.6 1281.4  87.4   0.0   0.0   4.4   7.9  -1.0   0.1
  271.00  0.52946E+11 1132.7 1285.3  87.9   0.0   0.0   4.2   7.5  -1.0   0.1
  272.00  0.53981E+11 1134.7 1289.3  88.4   0.0   0.0   4.0   7.2  -1.0   0.1
  273.00  0.55031E+11 1136.8 1293.2  88.9   0.0   0.0   3.9   6.9  -1.0   0.1
  274.00  0.56096E+11 1138.9 1297.2  89.4   0.0   0.0   3.7   6.6  -1.0   0.1
  275.00  0.57176E+11 1141.0 1301.2  89.8   0.0   0.0   3.5   6.4  -1.0   0.1
  276.00  0.58270E+11 1143.0 1305.1  90.3   0.0   0.0   3.4   6.1  -1.0   0.1
  277.00  0.59379E+11 1145.1 1309.1  90.7   0.0   0.0   3.2   5.9  -1.0   0.1
  278.00  0.60503E+11 1147.2 1313.0  91.1   0.0   0.0   3.1   5.6  -1.0   0.1
  279.00  0.61641E+11 1149.2 1317.0  91.4   0.0   0.0   2.9   5.4  -1.0   0.1
  280.00  0.62794E+11 1151.3 1321.0  91.8   0.0   0.0   2.8   5.2  -1.0   0.1
  281.00  0.63962E+11 1153.4 1324.9  92.1   0.0   0.0   2.7   4.9  -1.0   0.1
  282.00  0.65144E+11 1155.4 1328.9  92.5   0.0   0.0   2.5   4.7  -1.0   0.1
  283.00  0.66340E+11 1157.5 1332.8  92.8   0.0   0.0   2.4   4.5  -1.0   0.1
  284.00  0.67551E+11 1159.6 1336.8  93.1   0.0   0.0   2.3   4.4  -1.0   0.1
  285.00  0.68775E+11 1161.7 1340.8  93.4   0.0   0.0   2.2   4.2  -1.0   0.1
  286.00  0.70014E+11 1163.7 1344.7  93.7   0.0   0.0   2.1   4.0  -1.0   0.1
  287.00  0.71266E+11 1165.8 1348.7  93.9   0.0   0.0   2.0   3.8  -1.0   0.1
  288.00  0.72532E+11 1167.9 1352.6  94.2   0.0   0.0   1.9   3.7  -1.0   0.1
  289.00  0.73812E+11 1169.9 1356.6  94.4   0.0   0.0   1.8   3.5  -1.0   0.1
  290.00  0.75105E+11 1172.0 1360.6  94.7   0.0   0.0   1.7   3.4  -1.0   0.1
  291.00  0.76411E+11 1174.1 1364.5  94.9   0.0   0.0   1.7   3.2  -1.0   0.1
  292.00  0.77730E+11 1176.1 1368.5  95.1   0.0   0.0   1.6   3.1  -1.0   0.1
  293.00  0.79061E+11 1178.2 1372.4  95.3   0.0   0.0   1.5   3.0  -1.0   0.1
  294.00  0.80405E+11 1180.3 1376.4  95.5   0.0   0.0   1.4   2.9  -1.0   0.1
  295.00  0.81761E+11 1182.4 1380.4  95.7   0.0   0.0   1.4   2.7  -1.0   0.1
  296.00  0.83129E+11 1184.4 1384.3  95.9   0.0   0.0   1.3   2.6  -1.0   0.1
  297.00  0.84508E+11 1186.5 1388.3  96.0   0.0   0.0   1.2   2.5  -1.0   0.1
  298.00  0.85898E+11 1188.6 1392.2  96.2   0.0   0.0   1.2   2.4  -1.0   0.1
  299.00  0.87300E+11 1190.6 1396.2  96.3   0.0   0.0   1.1   2.3  -1.0   0.1
  300.00  0.88712E+11 1192.7 1400.2  96.5   0.0   0.0   1.1   2.2  -1.0   0.1
  301.00  0.90133E+11 1194.8 1404.1  97.9   0.1   0.1   0.0   0.0  -1.0   1.9
  302.00  0.91565E+11 1196.8 1408.1  97.9   0.1   0.1   0.0   0.0  -1.0   1.9
  303.00  0.93006E+11 1198.9 1412.0  97.9   0.1   0.1   0.0   0.0  -1.0   1.9
  304.00  0.94455E+11 1201.0 1416.0  97.9   0.1   0.1   0.0   0.0  -1.0   1.9
  305.00  0.95913E+11 1203.0 1420.0  97.9   0.1   0.1   0.0   0.0  -1.0   1.9
  306.00  0.97379E+11 1205.1 1423.9  97.9   0.1   0.1   0.0   0.0  -1.0   1.9
  307.00  0.98852E+11 1207.2 1427.9  97.9   0.1   0.1   0.0   0.0  -1.0   1.9
  308.00  0.10033E+12 1209.3 1431.8  97.9   0.1   0.1   0.0   0.0  -1.0   2.0
  309.00  0.10182E+12 1211.3 1435.8  97.9   0.1   0.1   0.0   0.0  -1.0   2.0
  310.00  0.10331E+12 1213.4 1439.8  97.9   0.1   0.1   0.0   0.0  -1.0   2.0
  311.00  0.10481E+12 1215.5 1443.7  97.9   0.1   0.1   0.0   0.0  -1.0   2.0
  312.00  0.10631E+12 1217.5 1447.7  97.8   0.1   0.1   0.0   0.0  -1.0   2.0
  313.00  0.10781E+12 1219.6 1451.6  97.8   0.1   0.1   0.0   0.0  -1.0   2.0
  314.00  0.10932E+12 1221.7 1455.6  97.8   0.1   0.1   0.0   0.0  -1.0   2.0
  315.00  0.11083E+12 1223.7 1459.6  97.8   0.1   0.1   0.0   0.0  -1.0   2.0
  316.00  0.11234E+12 1225.8 1463.5  97.8   0.1   0.1   0.0   0.0  -1.0   2.0
  317.00  0.11385E+12 1227.9 1467.5  97.8   0.1   0.1   0.0   0.0  -1.0   2.0
  318.00  0.11537E+12 1230.0 1471.4  97.8   0.1   0.1   0.0   0.0  -1.0   2.0
  319.00  0.11688E+12 1232.0 1475.4  97.8   0.1   0.1   0.0   0.0  -1.0   2.0
  320.00  0.11839E+12 1234.1 1479.3  97.8   0.1   0.1   0.0   0.0  -1.0   2.0
  321.00  0.11989E+12 1236.2 1483.3  97.8   0.1   0.1   0.0   0.0  -1.0   2.0
  322.00  0.12140E+12 1238.2 1487.2  97.8   0.1   0.1   0.0   0.0  -1.0   2.0
  323.00  0.12290E+12 1240.3 1491.2  97.8   0.1   0.1   0.0   0.0  -1.0   2.0
  324.00  0.12439E+12 1242.4 1495.1  97.8   0.1   0.1   0.0   0.0  -1.0   2.0
  325.00  0.12587E+12 1244.4 1499.0  97.7   0.1   0.1   0.0   0.0  -1.0   2.1
  326.00  0.12735E+12 1246.5 1503.0  97.7   0.1   0.1   0.0   0.0  -1.0   2.1
  327.00  0.12882E+12 1248.6 1506.9  97.7   0.1   0.1   0.0   0.0  -1.0   2.1
  328.00  0.13028E+12 1250.7 1510.8  97.7   0.1   0.1   0.0   0.0  -1.0   2.1
  329.00  0.13172E+12 1252.7 1514.7  97.7   0.1   0.1   0.0   0.0  -1.0   2.1
  330.00  0.13315E+12 1254.8 1518.6  97.7   0.1   0.1   0.0   0.0  -1.0   2.1
  331.00  0.13457E+12 1256.9 1522.5  97.7   0.1   0.1   0.0   0.0  -1.0   2.1
  332.00  0.13597E+12 1258.9 1526.3  97.7   0.1   0.1   0.0   0.0  -1.0   2.1
  333.00  0.13735E+12 1261.0 1530.2  97.7   0.1   0.1   0.0   0.0  -1.0   2.1
  334.00  0.13871E+12 1263.1 1534.0  97.7   0.1   0.1   0.0   0.0  -1.0   2.1
  335.00  0.14005E+12 1265.1 1537.8  97.7   0.1   0.1   0.0   0.0  -1.0   2.1
  336.00  0.14136E+12 1267.2 1541.5  97.6   0.1   0.1   0.0   0.0  -1.0   2.1
  337.00  0.14264E+12 1269.3 1545.2  97.6   0.1   0.1   0.0   0.0  -1.0   2.1
  338.00  0.14389E+12 1271.4 1548.8  97.6   0.1   0.1   0.0   0.0  -1.0   2.1
  339.00  0.14511E+12 1273.4 1552.4  97.6   0.1   0.1   0.0   0.0  -1.0   2.1
  340.00  0.14629E+12 1275.5 1555.9  97.6   0.1   0.1   0.0   0.0  -1.0   2.1
  341.00  0.14742E+12 1277.6 1559.3  97.6   0.1   0.1   0.0   0.0  -1.0   2.1
  342.00  0.14850E+12 1279.6 1562.7  97.6   0.1   0.1   0.0   0.0  -1.0   2.2
  343.00  0.14952E+12 1281.7 1565.9  97.6   0.1   0.1   0.0   0.0  -1.0   2.2
  344.00  0.15046E+12 1283.8 1568.9  97.6   0.1   0.1   0.0   0.0  -1.0   2.2
  345.00  0.15130E+12 1285.8 1571.8  97.6   0.1   0.1   0.0   0.0  -1.0   2.2
  346.00  0.15190E+12 1287.9 1574.6  97.6   0.1   0.1   0.0   0.0  -1.0   2.2
  347.00  0.15189E+12 1290.0 1577.2  97.5   0.1   0.2   0.0   0.0  -1.0   2.2
  348.00  0.15186E+12 1292.1 1579.5  97.5   0.1   0.2   0.0   0.0  -1.0   2.2
  349.00  0.15182E+12 1294.1 1581.7  97.5   0.1   0.2   0.0   0.0  -1.0   2.2
  350.00  0.15176E+12 1296.2 1583.7  97.5   0.1   0.2   0.0   0.0  -1.0   2.2
  351.00  0.15168E+12 1298.3 1585.5  97.5   0.1   0.2   0.0   0.0  -1.0   2.2
  352.00  0.15159E+12 1300.3 1587.0  97.5   0.1   0.2   0.0   0.0  -1.0   2.2
  353.00  0.15148E+12 1302.4 1588.4  97.5   0.1   0.2   0.0   0.0  -1.0   2.2
  354.00  0.15135E+12 1304.5 1589.6  97.5   0.1   0.2   0.0   0.0  -1.0   2.2
  355.00  0.15121E+12 1306.5 1590.6  97.5   0.1   0.2   0.0   0.0  -1.0   2.2
  356.00  0.15105E+12 1308.6 1591.4  97.5   0.1   0.2   0.0   0.0  -1.0   2.2
  357.00  0.15088E+12 1310.7 1592.1  97.4   0.1   0.2   0.0   0.0  -1.0   2.2
  358.00  0.15069E+12 1312.7 1592.6  97.4   0.1   0.2   0.0   0.0  -1.0   2.3
  359.00  0.15048E+12 1314.8 1593.0  97.4   0.1   0.2   0.0   0.0  -1.0   2.3
  360.00  0.15027E+12 1316.9 1593.4  97.4   0.1   0.2   0.0   0.0  -1.0   2.3
  361.00  0.15003E+12 1318.9 1593.6  97.4   0.1   0.2   0.0   0.0  -1.0   2.3
  362.00  0.14979E+12 1321.0 1593.8  97.4   0.2   0.2   0.0   0.0  -1.0   2.3
  363.00  0.14953E+12 1323.1 1593.9  97.4   0.2   0.2   0.0   0.0  -1.0   2.3
  364.00  0.14925E+12 1325.1 1593.9  97.4   0.2   0.2   0.0   0.0  -1.0   2.3
  365.00  0.14897E+12 1327.2 1593.9  97.4   0.2   0.2   0.0   0.0  -1.0   2.3
  366.00  0.14867E+12 1329.3 1593.9  97.3   0.2   0.2   0.0   0.0  -1.0   2.3
  367.00  0.14835E+12 1331.4 1593.8  97.3   0.2   0.2   0.0   0.0  -1.0   2.3
  368.00  0.14803E+12 1333.4 1593.7  97.3   0.2   0.2   0.0   0.0  -1.0   2.3
  369.00  0.14769E+12 1335.5 1593.6  97.3   0.2   0.2   0.0   0.0  -1.0   2.3
  370.00  0.14734E+12 1337.5 1593.5  97.3   0.2   0.2   0.0   0.0  -1.0   2.3
  371.00  0.14698E+12 1339.6 1593.3  97.3   0.2   0.2   0.0   0.0  -1.0   2.3
  372.00  0.14661E+12 1341.7 1593.2  97.3   0.2   0.2   0.0   0.0  -1.0   2.3
  373.00  0.14622E+12 1343.7 1593.0  97.3   0.2   0.2   0.0   0.0  -1.0   2.4
  374.00  0.14583E+12 1345.8 1592.8  97.3   0.2   0.2   0.0   0.0  -1.0   2.4
  375.00  0.14542E+12 1347.9 1592.6  97.2   0.2   0.2   0.0   0.0  -1.0   2.4
  376.00  0.14501E+12 1349.9 1592.4  97.2   0.2   0.2   0.0   0.0  -1.0   2.4
  377.00  0.14458E+12 1352.0 1592.3  97.2   0.2   0.2   0.0   0.0  -1.0   2.4
  378.00  0.14415E+12 1354.0 1592.1  97.2   0.2   0.2   0.0   0.0  -1.0   2.4
  379.00  0.14370E+12 1356.1 1591.8  97.2   0.2   0.2   0.0   0.0  -1.0   2.4
  380.00  0.14325E+12 1358.2 1591.6  97.2   0.2   0.2   0.0   0.0  -1.0   2.4
  381.00  0.14278E+12 1360.2 1591.4  97.2   0.2   0.2   0.0   0.0  -1.0   2.4
  382.00  0.14231E+12 1362.3 1591.2  97.2   0.2   0.2   0.0   0.0  -1.0   2.4
  383.00  0.14183E+12 1364.3 1591.0  97.2   0.2   0.2   0.0   0.0  -1.0   2.4
  384.00  0.14134E+12 1366.4 1590.8  97.1   0.2   0.2   0.0   0.0  -1.0   2.4
  385.00  0.14084E+12 1368.4 1590.6  97.1   0.2   0.2   0.0   0.0  -1.0   2.4
  386.00  0.14034E+12 1370.5 1590.4  97.1   0.2   0.2   0.0   0.0  -1.0   2.4
  387.00  0.13982E+12 1372.5 1590.2  97.1   0.2   0.2   0.0   0.0  -1.0   2.4
  388.00  0.13930E+12 1374.6 1590.0  97.1   0.2   0.2   0.0   0.0  -1.0   2.5
  389.00  0.13878E+12 1376.6 1589.7  97.1   0.2   0.2   0.0   0.0  -1.0   2.5
  390.00  0.13824E+12 1378.6 1589.5  97.1   0.2   0.2   0.0   0.0  -1.0   2.5
  391.00  0.13770E+12 1380.7 1589.3  97.1   0.2   0.3   0.0   0.0  -1.0   2.5
  392.00  0.13715E+12 1382.7 1589.1  97.0   0.2   0.3   0.0   0.0  -1.0   2.5
  393.00  0.13660E+12 1384.7 1588.9  97.0   0.2   0.3   0.0   0.0  -1.0   2.5
  394.00  0.13604E+12 1386.7 1588.7  97.0   0.2   0.3   0.0   0.0  -1.0   2.5
  395.00  0.13548E+12 1388.8 1588.5  97.0   0.2   0.3   0.0   0.0  -1.0   2.5
  396.00  0.13491E+12 1390.8 1588.2  97.0   0.2   0.3   0.0   0.0  -1.0   2.5
  397.00  0.13433E+12 1392.8 1588.0  97.0   0.2   0.3   0.0   0.0  -1.0   2.5
  398.00  0.13375E+12 1394.8 1587.8  97.0   0.2   0.3   0.0   0.0  -1.0   2.5
  399.00  0.13316E+12 1396.7 1587.6  96.9   0.3   0.3   0.0   0.0  -1.0   2.5
  400.00  0.13258E+12 1398.7 1587.4  96.9   0.3   0.3   0.0   0.0  -1.0   2.5
  401.00  0.13198E+12 1400.7 1587.2  96.9   0.3   0.3   0.0   0.0  -1.0   2.5
  402.00  0.13138E+12 1402.7 1586.9  96.9   0.3   0.3   0.0   0.0  -1.0   2.5
  403.00  0.13078E+12 1404.6 1586.7  96.9   0.3   0.3   0.0   0.0  -1.0   2.6
  404.00  0.13017E+12 1406.6 1586.5  96.9   0.3   0.3   0.0   0.0  -1.0   2.6
  405.00  0.12956E+12 1408.5 1586.3  96.9   0.3   0.3   0.0   0.0  -1.0   2.6
  406.00  0.12895E+12 1410.4 1586.1  96.8   0.3   0.3   0.0   0.0  -1.0   2.6
  407.00  0.12833E+12 1412.3 1585.9  96.8   0.3   0.3   0.0   0.0  -1.0   2.6
  408.00  0.12771E+12 1414.2 1585.6  96.8   0.3   0.3   0.0   0.0  -1.0   2.6
  409.00  0.12709E+12 1416.0 1585.4  96.8   0.3   0.3   0.0   0.0  -1.0   2.6
  410.00  0.12647E+12 1417.9 1585.2  96.8   0.3   0.3   0.0   0.0  -1.0   2.6
  411.00  0.12584E+12 1419.7 1585.0  96.8   0.3   0.3   0.0   0.0  -1.0   2.6
  412.00  0.12521E+12 1421.5 1584.8  96.8   0.3   0.3   0.0   0.0  -1.0   2.6
  413.00  0.12458E+12 1423.3 1584.6  96.7   0.3   0.3   0.0   0.0  -1.0   2.6
  414.00  0.12394E+12 1425.0 1584.3  96.7   0.3   0.3   0.0   0.0  -1.0   2.6
  415.00  0.12331E+12 1426.7 1584.1  96.7   0.3   0.3   0.0   0.0  -1.0   2.6
  416.00  0.12267E+12 1428.4 1583.9  96.7   0.3   0.3   0.0   0.0  -1.0   2.7
  417.00  0.12203E+12 1430.1 1583.7  96.7   0.3   0.3   0.0   0.0  -1.0   2.7
  418.00  0.12139E+12 1431.7 1583.5  96.7   0.3   0.3   0.0   0.0  -1.0   2.7
  419.00  0.12075E+12 1433.3 1583.3  96.6   0.3   0.3   0.0   0.0  -1.0   2.7
  420.00  0.12011E+12 1434.9 1583.1  96.6   0.3   0.4   0.0   0.0  -1.0   2.7
  421.00  0.11946E+12 1436.4 1582.8  96.6   0.3   0.4   0.0   0.0  -1.0   2.7
  422.00  0.11882E+12 1437.9 1582.6  96.6   0.3   0.4   0.0   0.0  -1.0   2.7
  423.00  0.11817E+12 1439.3 1582.4  96.6   0.3   0.4   0.0   0.0  -1.0   2.7
  424.00  0.11753E+12 1440.7 1582.2  96.6   0.4   0.4   0.0   0.0  -1.0   2.7
  425.00  0.11688E+12 1442.0 1582.0  96.5   0.4   0.4   0.0   0.0  -1.0   2.7
  426.00  0.11624E+12 1443.3 1581.8  96.5   0.4   0.4   0.0   0.0  -1.0   2.7
  427.00  0.11559E+12 1444.6 1581.5  96.5   0.4   0.4   0.0   0.0  -1.0   2.7
  428.00  0.11494E+12 1445.8 1581.3  96.5   0.4   0.4   0.0   0.0  -1.0   2.7
  429.00  0.11430E+12 1446.9 1581.1  96.5   0.4   0.4   0.0   0.0  -1.0   2.7
  430.00  0.11365E+12 1448.0 1580.9  96.5   0.4   0.4   0.0   0.0  -1.0   2.8
  431.00  0.11300E+12 1449.1 1580.7  96.4   0.4   0.4   0.0   0.0  -1.0   2.8
  432.00  0.11236E+12 1450.1 1580.5  96.4   0.4   0.4   0.0   0.0  -1.0   2.8
  433.00  0.11171E+12 1451.0 1580.2  96.4   0.4   0.4   0.0   0.0  -1.0   2.8
  434.00  0.11107E+12 1451.9 1580.0  96.4   0.4   0.4   0.0   0.0  -1.0   2.8
  435.00  0.11043E+12 1452.8 1579.8  96.4   0.4   0.4   0.0   0.0  -1.0   2.8
  436.00  0.10978E+12 1453.6 1579.6  96.4   0.4   0.4   0.0   0.0  -1.0   2.8
  437.00  0.10914E+12 1454.4 1579.4  96.3   0.4   0.4   0.0   0.0  -1.0   2.8
  438.00  0.10850E+12 1455.1 1579.2  96.3   0.4   0.4   0.0   0.0  -1.0   2.8
  439.00  0.10786E+12 1455.7 1578.9  96.3   0.4   0.4   0.0   0.0  -1.0   2.8
  440.00  0.10722E+12 1456.4 1578.7  96.3   0.4   0.4   0.0   0.0  -1.0   2.8
  441.00  0.10659E+12 1457.0 1578.5  96.3   0.4   0.5   0.0   0.0  -1.0   2.8
  442.00  0.10595E+12 1457.5 1578.3  96.2   0.5   0.5   0.0   0.0  -1.0   2.8
  443.00  0.10532E+12 1458.1 1578.1  96.2   0.5   0.5   0.0   0.0  -1.0   2.9
  444.00  0.10469E+12 1458.6 1577.9  96.2   0.5   0.5   0.0   0.0  -1.0   2.9
  445.00  0.10405E+12 1459.0 1577.7  96.2   0.5   0.5   0.0   0.0  -1.0   2.9
  446.00  0.10343E+12 1459.4 1577.4  96.2   0.5   0.5   0.0   0.0  -1.0   2.9
  447.00  0.10280E+12 1459.9 1577.2  96.1   0.5   0.5   0.0   0.0  -1.0   2.9
  448.00  0.10217E+12 1460.2 1577.0  96.1   0.5   0.5   0.0   0.0  -1.0   2.9
  449.00  0.10155E+12 1460.6 1576.8  96.1   0.5   0.5   0.0   0.0  -1.0   2.9
  450.00  0.10093E+12 1460.9 1576.6  96.1   0.5   0.5   0.0   0.0  -1.0   2.9
  451.00  0.10031E+12 1461.2 1576.4  96.1   0.5   0.5   0.0   0.0  -1.0   2.9
  452.00  0.99689E+11 1461.5 1576.1  96.0   0.5   0.5   0.0   0.0  -1.0   2.9
  453.00  0.99073E+11 1461.8 1575.9  96.0   0.5   0.5   0.0   0.0  -1.0   2.9
  454.00  0.98459E+11 1462.0 1575.7  96.0   0.5   0.5   0.0   0.0  -1.0   2.9
  455.00  0.97848E+11 1462.3 1575.5  96.0   0.5   0.5   0.0   0.0  -1.0   3.0
  456.00  0.97239E+11 1462.5 1575.3  96.0   0.6   0.5   0.0   0.0  -1.0   3.0
  457.00  0.96632E+11 1462.7 1575.1  95.9   0.6   0.5   0.0   0.0  -1.0   3.0
  458.00  0.96028E+11 1462.9 1574.8  95.9   0.6   0.5   0.0   0.0  -1.0   3.0
  459.00  0.95426E+11 1463.1 1574.6  95.9   0.6   0.6   0.0   0.0  -1.0   3.0
  460.00  0.94826E+11 1463.3 1574.4  95.9   0.6   0.6   0.0   0.0  -1.0   3.0
  461.00  0.94229E+11 1463.5 1574.2  95.8   0.6   0.6   0.0   0.0  -1.0   3.0
  462.00  0.93634E+11 1463.6 1574.0  95.8   0.6   0.6   0.0   0.0  -1.0   3.0
  463.00  0.93043E+11 1463.8 1573.8  95.8   0.6   0.6   0.0   0.0  -1.0   3.0
  464.00  0.92453E+11 1463.9 1573.6  95.8   0.6   0.6   0.0   0.0  -1.0   3.0
  465.00  0.91867E+11 1464.1 1573.3  95.7   0.6   0.6   0.0   0.0  -1.0   3.0
  466.00  0.91283E+11 1464.2 1573.1  95.7   0.6   0.6   0.0   0.0  -1.0   3.0
  467.00  0.90701E+11 1464.3 1572.9  95.7   0.6   0.6   0.0   0.0  -1.0   3.1
  468.00  0.90123E+11 1464.5 1572.7  95.7   0.6   0.6   0.0   0.0  -1.0   3.1
  469.00  0.89547E+11 1464.6 1572.5  95.7   0.7   0.6   0.0   0.0  -1.0   3.1
  470.00  0.88974E+11 1464.7 1572.3  95.6   0.7   0.6   0.0   0.0  -1.0   3.1
  471.00  0.88404E+11 1464.8 1572.0  95.6   0.7   0.6   0.0   0.0  -1.0   3.1
  472.00  0.87837E+11 1464.9 1571.8  95.6   0.7   0.6   0.0   0.0  -1.0   3.1
  473.00  0.87272E+11 1465.1 1571.6  95.6   0.7   0.7   0.0   0.0  -1.0   3.1
  474.00  0.86711E+11 1465.2 1571.4  95.5   0.7   0.7   0.0   0.0  -1.0   3.1
  475.00  0.86152E+11 1465.3 1571.2  95.5   0.7   0.7   0.0   0.0  -1.0   3.1
  476.00  0.85596E+11 1465.4 1571.0  95.5   0.7   0.7   0.0   0.0  -1.0   3.1
  477.00  0.85044E+11 1465.5 1570.8  95.4   0.7   0.7   0.0   0.0  -1.0   3.1
  478.00  0.84494E+11 1465.6 1570.5  95.4   0.7   0.7   0.0   0.0  -1.0   3.1
  479.00  0.83947E+11 1465.7 1570.3  95.4   0.8   0.7   0.0   0.0  -1.0   3.2
  480.00  0.83403E+11 1465.8 1570.1  95.4   0.8   0.7   0.0   0.0  -1.0   3.2
  481.00  0.82862E+11 1465.9 1569.9  95.3   0.8   0.7   0.0   0.0  -1.0   3.2
  482.00  0.82325E+11 1465.9 1569.7  95.3   0.8   0.7   0.0   0.0  -1.0   3.2
  483.00  0.81790E+11 1466.0 1569.5  95.3   0.8   0.7   0.0   0.0  -1.0   3.2
  484.00  0.81258E+11 1466.1 1569.3  95.3   0.8   0.7   0.0   0.0  -1.0   3.2
  485.00  0.80730E+11 1466.2 1569.1  95.2   0.8   0.7   0.0   0.0  -1.0   3.2
  486.00  0.80204E+11 1466.3 1568.8  95.2   0.8   0.8   0.0   0.0  -1.0   3.2
  487.00  0.79682E+11 1466.4 1568.6  95.2   0.8   0.8   0.0   0.0  -1.0   3.2
  488.00  0.79162E+11 1466.5 1568.4  95.1   0.9   0.8   0.0   0.0  -1.0   3.2
  489.00  0.78646E+11 1466.6 1568.2  95.1   0.9   0.8   0.0   0.0  -1.0   3.2
  490.00  0.78133E+11 1466.7 1568.0  95.1   0.9   0.8   0.0   0.0  -1.0   3.3
  491.00  0.77623E+11 1466.8 1567.8  95.1   0.9   0.8   0.0   0.0  -1.0   3.3
  492.00  0.77116E+11 1466.8 1567.6  95.0   0.9   0.8   0.0   0.0  -1.0   3.3
  493.00  0.76612E+11 1466.9 1567.4  95.0   0.9   0.8   0.0   0.0  -1.0   3.3
  494.00  0.76111E+11 1467.0 1567.2  95.0   0.9   0.8   0.0   0.0  -1.0   3.3
  495.00  0.75613E+11 1467.1 1567.0  94.9   0.9   0.8   0.0   0.0  -1.0   3.3
  496.00  0.75118E+11 1467.2 1566.8  94.9   0.9   0.8   0.0   0.0  -1.0   3.3
  497.00  0.74627E+11 1467.3 1566.6  94.9   1.0   0.9   0.0   0.0  -1.0   3.3
  498.00  0.74138E+11 1467.3 1566.4  94.8   1.0   0.9   0.0   0.0  -1.0   3.3
  499.00  0.73653E+11 1467.4 1566.2  94.8   1.0   0.9   0.0   0.0  -1.0   3.3
  500.00  0.73171E+11 1467.5 1566.0  94.8   1.0   0.9   0.0   0.0  -1.0   3.3
  501.00  0.72692E+11 1467.6 1565.8  94.7   1.0   0.9   0.0   0.0  -1.0   3.4
  502.00  0.72216E+11 1467.7 1565.6  94.7   1.0   0.9   0.0   0.0  -1.0   3.4
  503.00  0.71743E+11 1467.8 1565.4  94.7   1.0   0.9   0.0   0.0  -1.0   3.4
  504.00  0.71273E+11 1467.8 1565.2  94.6   1.1   0.9   0.0   0.0  -1.0   3.4
  505.00  0.70806E+11 1467.9 1565.1  94.6   1.1   0.9   0.0   0.0  -1.0   3.4
  506.00  0.70342E+11 1468.0 1564.9  94.6   1.1   0.9   0.0   0.0  -1.0   3.4
  507.00  0.69881E+11 1468.1 1564.7  94.5   1.1   1.0   0.0   0.0  -1.0   3.4
  508.00  0.69424E+11 1468.2 1564.5  94.5   1.1   1.0   0.0   0.0  -1.0   3.4
  509.00  0.68969E+11 1468.3 1564.4  94.5   1.1   1.0   0.0   0.0  -1.0   3.4
  510.00  0.68518E+11 1468.3 1564.2  94.4   1.1   1.0   0.0   0.0  -1.0   3.5
  511.00  0.68069E+11 1468.4 1564.1  94.4   1.2   1.0   0.0   0.0  -1.0   3.5
  512.00  0.67624E+11 1468.5 1563.9  94.4   1.2   1.0   0.0   0.0  -1.0   3.5
  513.00  0.67181E+11 1468.6 1563.8  94.3   1.2   1.0   0.0   0.0  -1.0   3.5
  514.00  0.66742E+11 1468.7 1563.6  94.3   1.2   1.0   0.0   0.0  -1.0   3.5
  515.00  0.66305E+11 1468.8 1563.5  94.2   1.2   1.0   0.0   0.0  -1.0   3.5
  516.00  0.65872E+11 1468.8 1563.4  94.2   1.2   1.0   0.0   0.0  -1.0   3.5
  517.00  0.65441E+11 1468.9 1563.3  94.2   1.3   1.1   0.0   0.0  -1.0   3.5
  518.00  0.65014E+11 1469.0 1563.2  94.1   1.3   1.1   0.0   0.0  -1.0   3.5
  519.00  0.64589E+11 1469.1 1563.1  94.1   1.3   1.1   0.0   0.0  -1.0   3.6
  520.00  0.64167E+11 1469.2 1563.1  94.0   1.3   1.1   0.0   0.0  -1.0   3.6
  521.00  0.63749E+11 1469.3 1563.0  94.0   1.3   1.1   0.0   0.0  -1.0   3.6
  522.00  0.63333E+11 1469.3 1563.0  94.0   1.3   1.1   0.0   0.0  -1.0   3.6
  523.00  0.62920E+11 1469.4 1563.0  93.9   1.4   1.1   0.0   0.0  -1.0   3.6
  524.00  0.62510E+11 1469.5 1563.0  93.9   1.4   1.1   0.0   0.0  -1.0   3.6
  525.00  0.62103E+11 1469.6 1563.0  93.8   1.4   1.1   0.0   0.0  -1.0   3.6
  526.00  0.61699E+11 1469.7 1563.1  93.8   1.4   1.2   0.0   0.0  -1.0   3.6
  527.00  0.61298E+11 1469.7 1563.1  93.8   1.4   1.2   0.0   0.0  -1.0   3.7
  528.00  0.60899E+11 1469.8 1563.3  93.7   1.4   1.2   0.0   0.0  -1.0   3.7
  529.00  0.60503E+11 1469.9 1563.4  93.7   1.5   1.2   0.0   0.0  -1.0   3.7
  530.00  0.60111E+11 1470.0 1563.6  93.6   1.5   1.2   0.0   0.0  -1.0   3.7
  531.00  0.59721E+11 1470.1 1563.8  93.6   1.5   1.2   0.0   0.0  -1.0   3.7
  532.00  0.59333E+11 1470.2 1564.0  93.5   1.5   1.2   0.0   0.0  -1.0   3.7
  533.00  0.58949E+11 1470.2 1564.3  93.5   1.5   1.2   0.0   0.0  -1.0   3.7
  534.00  0.58567E+11 1470.3 1564.6  93.4   1.5   1.3   0.0   0.0  -1.0   3.8
  535.00  0.58188E+11 1470.4 1565.0  93.4   1.6   1.3   0.0   0.0  -1.0   3.8
  536.00  0.57812E+11 1470.5 1565.4  93.4   1.6   1.3   0.0   0.0  -1.0   3.8
  537.00  0.57439E+11 1470.6 1565.9  93.3   1.6   1.3   0.0   0.0  -1.0   3.8
  538.00  0.57068E+11 1470.6 1566.4  93.3   1.6   1.3   0.0   0.0  -1.0   3.8
  539.00  0.56700E+11 1470.7 1567.0  93.2   1.6   1.3   0.0   0.0  -1.0   3.8
  540.00  0.56334E+11 1470.8 1567.7  93.2   1.7   1.3   0.0   0.0  -1.0   3.8
  541.00  0.55971E+11 1470.9 1568.4  93.1   1.7   1.3   0.0   0.0  -1.0   3.9
  542.00  0.55611E+11 1471.0 1569.2  93.1   1.7   1.3   0.0   0.0  -1.0   3.9
  543.00  0.55254E+11 1471.1 1570.0  93.0   1.7   1.4   0.0   0.0  -1.0   3.9
  544.00  0.54899E+11 1471.1 1571.0  93.0   1.7   1.4   0.0   0.0  -1.0   3.9
  545.00  0.54547E+11 1471.2 1572.0  92.9   1.8   1.4   0.0   0.0  -1.0   3.9
  546.00  0.54197E+11 1471.3 1573.1  92.9   1.8   1.4   0.0   0.0  -1.0   4.0
  547.00  0.53850E+11 1471.4 1574.3  92.8   1.8   1.4   0.0   0.0  -1.0   4.0
  548.00  0.53505E+11 1471.5 1575.5  92.8   1.8   1.4   0.0   0.0  -1.0   4.0
  549.00  0.53163E+11 1471.6 1576.9  92.7   1.8   1.4   0.0   0.0  -1.0   4.0
  550.00  0.52824E+11 1471.6 1578.3  92.7   1.9   1.4   0.0   0.0  -1.0   4.0
  551.00  0.52487E+11 1471.7 1579.8  92.6   1.9   1.4   0.0   0.0  -1.0   4.0
  552.00  0.52152E+11 1471.8 1581.4  92.6   1.9   1.5   0.0   0.0  -1.0   4.1
  553.00  0.51820E+11 1471.9 1583.1  92.5   1.9   1.5   0.0   0.0  -1.0   4.1
  554.00  0.51491E+11 1472.0 1584.8  92.5   2.0   1.5   0.0   0.0  -1.0   4.1
  555.00  0.51163E+11 1472.0 1586.7  92.4   2.0   1.5   0.0   0.0  -1.0   4.1
  556.00  0.50839E+11 1472.1 1588.6  92.4   2.0   1.5   0.0   0.0  -1.0   4.1
  557.00  0.50516E+11 1472.2 1590.6  92.3   2.0   1.5   0.0   0.0  -1.0   4.2
  558.00  0.50197E+11 1472.3 1592.6  92.2   2.0   1.5   0.0   0.0  -1.0   4.2
  559.00  0.49879E+11 1472.4 1594.8  92.2   2.1   1.5   0.0   0.0  -1.0   4.2
  560.00  0.49564E+11 1472.5 1597.0  92.1   2.1   1.6   0.0   0.0  -1.0   4.2
  561.00  0.49251E+11 1472.5 1599.3  92.1   2.1   1.6   0.0   0.0  -1.0   4.3
  562.00  0.48940E+11 1472.6 1601.6  92.0   2.1   1.6   0.0   0.0  -1.0   4.3
  563.00  0.48632E+11 1472.7 1604.0  92.0   2.1   1.6   0.0   0.0  -1.0   4.3
  564.00  0.48326E+11 1472.8 1606.5  91.9   2.2   1.6   0.0   0.0  -1.0   4.3
  565.00  0.48023E+11 1472.9 1609.0  91.8   2.2   1.6   0.0   0.0  -1.0   4.4
  566.00  0.47721E+11 1472.9 1611.5  91.8   2.2   1.6   0.0   0.0  -1.0   4.4
  567.00  0.47422E+11 1473.0 1614.2  91.7   2.2   1.6   0.0   0.0  -1.0   4.4
  568.00  0.47125E+11 1473.1 1616.8  91.7   2.3   1.6   0.0   0.0  -1.0   4.4
  569.00  0.46831E+11 1473.2 1619.5  91.6   2.3   1.7   0.0   0.0  -1.0   4.5
  570.00  0.46538E+11 1473.3 1622.2  91.6   2.3   1.7   0.0   0.0  -1.0   4.5
  571.00  0.46248E+11 1473.4 1625.0  91.5   2.3   1.7   0.0   0.0  -1.0   4.5
  572.00  0.45960E+11 1473.4 1627.8  91.4   2.4   1.7   0.0   0.0  -1.0   4.5
  573.00  0.45674E+11 1473.5 1630.6  91.4   2.4   1.7   0.0   0.0  -1.0   4.6
  574.00  0.45390E+11 1473.6 1633.5  91.3   2.4   1.7   0.0   0.0  -1.0   4.6
  575.00  0.45109E+11 1473.7 1636.4  91.2   2.4   1.7   0.0   0.0  -1.0   4.6
  576.00  0.44829E+11 1473.8 1639.3  91.2   2.4   1.7   0.0   0.0  -1.0   4.6
  577.00  0.44552E+11 1473.8 1642.2  91.1   2.5   1.7   0.0   0.0  -1.0   4.7
  578.00  0.44276E+11 1473.9 1645.1  91.1   2.5   1.7   0.0   0.0  -1.0   4.7
  579.00  0.44003E+11 1474.0 1648.1  91.0   2.5   1.8   0.0   0.0  -1.0   4.7
  580.00  0.43732E+11 1474.1 1651.1  90.9   2.5   1.8   0.0   0.0  -1.0   4.8
  581.00  0.43463E+11 1474.2 1654.1  90.9   2.6   1.8   0.0   0.0  -1.0   4.8
  582.00  0.43196E+11 1474.3 1657.1  90.8   2.6   1.8   0.0   0.0  -1.0   4.8
  583.00  0.42930E+11 1474.3 1660.1  90.7   2.6   1.8   0.0   0.0  -1.0   4.8
  584.00  0.42667E+11 1474.4 1663.2  90.7   2.6   1.8   0.0   0.0  -1.0   4.9
  585.00  0.42406E+11 1474.5 1666.2  90.6   2.7   1.8   0.0   0.0  -1.0   4.9
  586.00  0.42147E+11 1474.6 1669.3  90.5   2.7   1.8   0.0   0.0  -1.0   4.9
  587.00  0.41889E+11 1474.7 1672.3  90.5   2.7   1.8   0.0   0.0  -1.0   5.0
  588.00  0.41634E+11 1474.8 1675.4  90.4   2.7   1.9   0.0   0.0  -1.0   5.0
  589.00  0.41380E+11 1474.8 1678.5  90.3   2.8   1.9   0.0   0.0  -1.0   5.0
  590.00  0.41129E+11 1474.9 1681.6  90.3   2.8   1.9   0.0   0.0  -1.0   5.1
  591.00  0.40879E+11 1475.0 1684.6  90.2   2.8   1.9   0.0   0.0  -1.0   5.1
  592.00  0.40631E+11 1475.1 1687.7  90.1   2.9   1.9   0.0   0.0  -1.0   5.1
  593.00  0.40385E+11 1475.2 1690.8  90.1   2.9   1.9   0.0   0.0  -1.0   5.2
  594.00  0.40141E+11 1475.2 1694.0  90.0   2.9   1.9   0.0   0.0  -1.0   5.2
  595.00  0.39899E+11 1475.3 1697.1  89.9   2.9   1.9   0.0   0.0  -1.0   5.2
  596.00  0.39659E+11 1475.4 1700.2  89.8   3.0   1.9   0.0   0.0  -1.0   5.3
  597.00  0.39420E+11 1475.5 1703.3  89.8   3.0   1.9   0.0   0.0  -1.0   5.3
  598.00  0.39183E+11 1475.6 1706.4  89.7   3.0   2.0   0.0   0.0  -1.0   5.3
  599.00  0.38948E+11 1475.7 1709.5  89.6   3.0   2.0   0.0   0.0  -1.0   5.4
  600.00  0.38714E+11 1475.7 1712.7  89.6   3.1   2.0   0.0   0.0  -1.0   5.4
