% Input parameters
% year= 2000, month= 1, day= 1, hour= 1.50,
% Time_type = Universal
% Coordinate_type = Geographic
% latitude= 69.00, longitude= 20.00, height= 100.00
% Prof. parameters: start= 0.00 stop= 600.00 step= 1.00
% 
% Optional parametes: F10.7(daily) =not specified; F10.7(3-month avg) =not specified; ap(daily) = not specified
% 
%    Selected parameters are:
% 1 Height, km
% 2 O, cm-3 
% 3 N2, cm-3
% 4 O2, cm-3
% 5 Mass_density, g/cm-3
% 6 Temperature_neutral, K
% 
%      1          2          3          4         5      6
    0.0  0.000E+00  2.152E+19  5.774E+18 1.324E-03  262.1
    1.0  0.000E+00  1.913E+19  5.133E+18 1.177E-03  258.5
    2.0  0.000E+00  1.706E+19  4.576E+18 1.049E-03  253.8
    3.0  0.000E+00  1.521E+19  4.081E+18 9.360E-04  248.3
    4.0  0.000E+00  1.355E+19  3.636E+18 8.340E-04  242.5
    5.0  0.000E+00  1.205E+19  3.232E+18 7.411E-04  236.6
    6.0  0.000E+00  1.066E+19  2.861E+18 6.561E-04  230.9
    7.0  0.000E+00  9.395E+18  2.520E+18 5.780E-04  225.7
    8.0  0.000E+00  8.232E+18  2.208E+18 5.065E-04  221.0
    9.0  0.000E+00  7.169E+18  1.923E+18 4.411E-04  217.2
   10.0  0.000E+00  6.204E+18  1.664E+18 3.817E-04  214.3
   11.0  0.000E+00  5.336E+18  1.431E+18 3.283E-04  212.3
   12.0  0.000E+00  4.570E+18  1.226E+18 2.812E-04  211.0
   13.0  0.000E+00  3.904E+18  1.047E+18 2.402E-04  210.1
   14.0  0.000E+00  3.333E+18  8.941E+17 2.051E-04  209.1
   15.0  0.000E+00  2.847E+18  7.638E+17 1.752E-04  208.0
   16.0  0.000E+00  2.435E+18  6.532E+17 1.498E-04  206.3
   17.0  0.000E+00  2.083E+18  5.589E+17 1.282E-04  204.3
   18.0  0.000E+00  1.781E+18  4.777E+17 1.096E-04  202.2
   19.0  0.000E+00  1.519E+18  4.075E+17 9.346E-05  200.1
   20.0  0.000E+00  1.292E+18  3.467E+17 7.952E-05  198.3
   21.0  0.000E+00  1.096E+18  2.940E+17 6.744E-05  196.8
   22.0  0.000E+00  9.267E+17  2.486E+17 5.702E-05  195.8
   23.0  0.000E+00  7.814E+17  2.096E+17 4.807E-05  195.2
   24.0  0.000E+00  6.572E+17  1.763E+17 4.043E-05  195.0
   25.0  0.000E+00  5.516E+17  1.480E+17 3.394E-05  195.2
   26.0  0.000E+00  4.622E+17  1.240E+17 2.843E-05  195.8
   27.0  0.000E+00  3.866E+17  1.037E+17 2.379E-05  196.9
   28.0  0.000E+00  3.231E+17  8.667E+16 1.988E-05  198.5
   29.0  0.000E+00  2.697E+17  7.235E+16 1.659E-05  200.6
   30.0  0.000E+00  2.250E+17  6.036E+16 1.384E-05  203.3
   31.0  0.000E+00  1.877E+17  5.034E+16 1.155E-05  206.6
   32.0  0.000E+00  1.565E+17  4.198E+16 9.628E-06  210.6
   33.0  0.000E+00  1.306E+17  3.503E+16 8.034E-06  215.2
   34.0  0.000E+00  1.094E+17  2.936E+16 6.733E-06  219.8
   35.0  0.000E+00  9.212E+16  2.471E+16 5.668E-06  224.2
   36.0  0.000E+00  7.789E+16  2.090E+16 4.792E-06  228.3
   37.0  0.000E+00  6.612E+16  1.774E+16 4.068E-06  232.2
   38.0  0.000E+00  5.634E+16  1.511E+16 3.466E-06  235.9
   39.0  0.000E+00  4.817E+16  1.292E+16 2.964E-06  239.3
   40.0  0.000E+00  4.132E+16  1.109E+16 2.542E-06  242.4
   41.0  0.000E+00  3.555E+16  9.538E+15 2.187E-06  245.3
   42.0  0.000E+00  3.067E+16  8.228E+15 1.887E-06  248.0
   43.0  0.000E+00  2.653E+16  7.116E+15 1.632E-06  250.4
   44.0  0.000E+00  2.299E+16  6.168E+15 1.415E-06  252.6
   45.0  0.000E+00  1.997E+16  5.358E+15 1.229E-06  254.6
   46.0  0.000E+00  1.738E+16  4.662E+15 1.069E-06  256.4
   47.0  0.000E+00  1.515E+16  4.064E+15 9.321E-07  258.0
   48.0  0.000E+00  1.323E+16  3.549E+15 8.139E-07  259.4
   49.0  0.000E+00  1.157E+16  3.104E+15 7.119E-07  260.5
   50.0  0.000E+00  1.014E+16  2.720E+15 6.238E-07  261.3
   51.0  0.000E+00  8.896E+15  2.387E+15 5.473E-07  261.8
   52.0  0.000E+00  7.818E+15  2.097E+15 4.810E-07  262.0
   53.0  0.000E+00  6.879E+15  1.846E+15 4.232E-07  261.8
   54.0  0.000E+00  6.061E+15  1.626E+15 3.729E-07  261.3
   55.0  0.000E+00  5.346E+15  1.434E+15 3.289E-07  260.4
   56.0  0.000E+00  4.720E+15  1.266E+15 2.904E-07  259.2
   57.0  0.000E+00  4.170E+15  1.119E+15 2.565E-07  257.6
   58.0  0.000E+00  3.685E+15  9.885E+14 2.267E-07  255.7
   59.0  0.000E+00  3.256E+15  8.734E+14 2.003E-07  253.7
   60.0  0.000E+00  2.876E+15  7.715E+14 1.769E-07  251.4
   61.0  0.000E+00  2.538E+15  6.810E+14 1.562E-07  249.1
   62.0  0.000E+00  2.239E+15  6.006E+14 1.377E-07  246.6
   63.0  0.000E+00  1.972E+15  5.285E+14 1.213E-07  244.2
   64.0  0.000E+00  1.735E+15  4.638E+14 1.067E-07  241.7
   65.0  0.000E+00  1.525E+15  4.065E+14 9.367E-08  239.4
   66.0  0.000E+00  1.337E+15  3.557E+14 8.212E-08  237.0
   67.0  0.000E+00  1.171E+15  3.107E+14 7.187E-08  234.9
   68.0  0.000E+00  1.024E+15  2.710E+14 6.279E-08  232.8
   69.0  0.000E+00  8.933E+14  2.358E+14 5.475E-08  230.9
   70.0  0.000E+00  7.779E+14  2.049E+14 4.766E-08  229.3
   71.0  0.000E+00  6.762E+14  1.777E+14 4.141E-08  227.8
   72.0  0.000E+00  5.868E+14  1.538E+14 3.591E-08  226.6
   73.0  3.637E+06  5.076E+14  1.327E+14 3.105E-08  225.7
   74.0  9.438E+06  4.389E+14  1.145E+14 2.683E-08  225.0
   75.0  2.397E+07  3.790E+14  9.872E+13 2.316E-08  224.5
   76.0  5.916E+07  3.270E+14  8.500E+13 1.998E-08  224.2
   77.0  1.410E+08  2.821E+14  7.313E+13 1.722E-08  224.0
   78.0  3.226E+08  2.432E+14  6.290E+13 1.484E-08  223.8
   79.0  7.057E+08  2.097E+14  5.409E+13 1.279E-08  223.5
   80.0  1.471E+09  1.809E+14  4.651E+13 1.102E-08  223.2
   81.0  2.915E+09  1.561E+14  4.001E+13 9.503E-09  222.7
   82.0  5.483E+09  1.348E+14  3.443E+13 8.199E-09  222.0
   83.0  9.787E+09  1.164E+14  2.964E+13 7.078E-09  221.1
   84.0  1.658E+10  1.007E+14  2.553E+13 6.114E-09  219.9
   85.0  2.670E+10  8.709E+13  2.199E+13 5.285E-09  218.3
   86.0  4.091E+10  7.540E+13  1.896E+13 4.572E-09  216.3
   87.0  5.977E+10  6.531E+13  1.634E+13 3.957E-09  214.0
   88.0  8.349E+10  5.659E+13  1.409E+13 3.425E-09  211.1
   89.0  1.118E+11  4.905E+13  1.214E+13 2.966E-09  207.9
   90.0  1.437E+11  4.250E+13  1.046E+13 2.568E-09  204.2
   91.0  1.780E+11  3.680E+13  9.001E+12 2.222E-09  200.0
   92.0  2.127E+11  3.180E+13  7.724E+12 1.918E-09  195.8
   93.0  2.455E+11  2.738E+13  6.602E+12 1.651E-09  191.5
   94.0  2.744E+11  2.347E+13  5.613E+12 1.414E-09  187.6
   95.0  2.976E+11  2.001E+13  4.743E+12 1.205E-09  184.1
   96.0  3.137E+11  1.696E+13  3.981E+12 1.021E-09  181.2
   97.0  3.222E+11  1.428E+13  3.319E+12 8.592E-10  179.0
   98.0  3.231E+11  1.195E+13  2.746E+12 7.188E-10  177.6
   99.0  3.173E+11  9.943E+12  2.256E+12 5.976E-10  177.2
  100.0  3.055E+11  8.220E+12  1.840E+12 4.938E-10  178.0
  101.0  2.893E+11  6.759E+12  1.491E+12 4.057E-10  180.1
  102.0  2.701E+11  5.535E+12  1.202E+12 3.321E-10  183.4
  103.0  2.493E+11  4.524E+12  9.664E+11 2.712E-10  188.0
  104.0  2.282E+11  3.695E+12  7.757E+11 2.214E-10  193.7
  105.0  2.076E+11  3.020E+12  6.225E+11 1.808E-10  200.7
  106.0  1.879E+11  2.473E+12  5.002E+11 1.480E-10  208.8
  107.0  1.695E+11  2.031E+12  4.029E+11 1.215E-10  218.1
  108.0  1.526E+11  1.675E+12  3.256E+11 1.002E-10  228.5
  109.0  1.373E+11  1.388E+12  2.644E+11 8.297E-11  239.9
  110.0  1.237E+11  1.157E+12  2.159E+11 6.914E-11  252.1
  111.0  1.116E+11  9.709E+11  1.775E+11 5.802E-11  264.9
  112.0  1.009E+11  8.201E+11  1.469E+11 4.901E-11  278.2
  113.0  9.148E+10  6.973E+11  1.223E+11 4.167E-11  292.0
  114.0  8.310E+10  5.965E+11  1.025E+11 3.566E-11  306.4
  115.0  7.566E+10  5.133E+11  8.646E+10 3.069E-11  321.1
  116.0  6.906E+10  4.442E+11  7.334E+10 2.657E-11  336.3
  117.0  6.319E+10  3.866E+11  6.256E+10 2.314E-11  351.8
  118.0  5.796E+10  3.382E+11  5.366E+10 2.025E-11  367.6
  119.0  5.331E+10  2.974E+11  4.628E+10 1.782E-11  383.7
  120.0  4.916E+10  2.629E+11  4.012E+10 1.576E-11  399.8
  121.0  4.545E+10  2.335E+11  3.496E+10 1.401E-11  416.0
  122.0  4.214E+10  2.083E+11  3.061E+10 1.251E-11  432.2
  123.0  3.919E+10  1.868E+11  2.694E+10 1.123E-11  448.2
  124.0  3.653E+10  1.682E+11  2.381E+10 1.011E-11  464.0
  125.0  3.416E+10  1.521E+11  2.115E+10 9.156E-12  479.3
  126.0  3.202E+10  1.381E+11  1.886E+10 8.321E-12  494.3
  127.0  3.010E+10  1.258E+11  1.689E+10 7.591E-12  508.8
  128.0  2.835E+10  1.151E+11  1.518E+10 6.948E-12  523.0
  129.0  2.676E+10  1.055E+11  1.368E+10 6.380E-12  536.8
  130.0  2.531E+10  9.708E+10  1.238E+10 5.875E-12  550.2
  131.0  2.398E+10  8.953E+10  1.122E+10 5.425E-12  563.3
  132.0  2.276E+10  8.278E+10  1.021E+10 5.022E-12  576.1
  133.0  2.164E+10  7.671E+10  9.307E+09 4.660E-12  588.5
  134.0  2.060E+10  7.124E+10  8.506E+09 4.333E-12  600.6
  135.0  1.964E+10  6.629E+10  7.790E+09 4.038E-12  612.4
  136.0  1.875E+10  6.180E+10  7.150E+09 3.770E-12  623.8
  137.0  1.793E+10  5.772E+10  6.576E+09 3.526E-12  635.0
  138.0  1.715E+10  5.399E+10  6.059E+09 3.304E-12  645.9
  139.0  1.644E+10  5.059E+10  5.593E+09 3.100E-12  656.5
  140.0  1.576E+10  4.747E+10  5.171E+09 2.914E-12  666.8
  141.0  1.513E+10  4.460E+10  4.789E+09 2.742E-12  676.9
  142.0  1.454E+10  4.196E+10  4.442E+09 2.585E-12  686.7
  143.0  1.399E+10  3.953E+10  4.126E+09 2.439E-12  696.2
  144.0  1.346E+10  3.728E+10  3.838E+09 2.305E-12  705.5
  145.0  1.297E+10  3.520E+10  3.575E+09 2.180E-12  714.6
  146.0  1.251E+10  3.327E+10  3.334E+09 2.065E-12  723.4
  147.0  1.207E+10  3.148E+10  3.113E+09 1.957E-12  732.0
  148.0  1.165E+10  2.981E+10  2.911E+09 1.857E-12  740.4
  149.0  1.126E+10  2.826E+10  2.724E+09 1.764E-12  748.5
  150.0  1.088E+10  2.681E+10  2.552E+09 1.677E-12  756.4
  151.0  1.053E+10  2.546E+10  2.394E+09 1.596E-12  764.2
  152.0  1.019E+10  2.419E+10  2.247E+09 1.520E-12  771.7
  153.0  9.868E+09  2.300E+10  2.112E+09 1.449E-12  779.1
  154.0  9.561E+09  2.189E+10  1.986E+09 1.382E-12  786.2
  155.0  9.268E+09  2.085E+10  1.870E+09 1.319E-12  793.2
  156.0  8.989E+09  1.987E+10  1.762E+09 1.260E-12  799.9
  157.0  8.722E+09  1.895E+10  1.662E+09 1.205E-12  806.6
  158.0  8.467E+09  1.808E+10  1.568E+09 1.152E-12  813.0
  159.0  8.222E+09  1.726E+10  1.481E+09 1.103E-12  819.3
  160.0  7.988E+09  1.649E+10  1.400E+09 1.056E-12  825.4
  161.0  7.764E+09  1.573E+10  1.324E+09 1.011E-12  831.3
  162.0  7.548E+09  1.504E+10  1.253E+09 9.695E-13  837.1
  163.0  7.341E+09  1.439E+10  1.187E+09 9.301E-13  842.8
  164.0  7.143E+09  1.378E+10  1.125E+09 8.927E-13  848.3
  165.0  6.951E+09  1.319E+10  1.067E+09 8.573E-13  853.6
  166.0  6.767E+09  1.264E+10  1.012E+09 8.237E-13  858.9
  167.0  6.590E+09  1.212E+10  9.612E+08 7.917E-13  863.9
  168.0  6.420E+09  1.162E+10  9.132E+08 7.614E-13  868.9
  169.0  6.256E+09  1.115E+10  8.679E+08 7.325E-13  873.7
  170.0  6.097E+09  1.070E+10  8.254E+08 7.050E-13  878.4
  171.0  5.944E+09  1.027E+10  7.853E+08 6.788E-13  883.0
  172.0  5.797E+09  9.860E+09  7.475E+08 6.539E-13  887.5
  173.0  5.654E+09  9.472E+09  7.119E+08 6.301E-13  891.8
  174.0  5.516E+09  9.102E+09  6.783E+08 6.074E-13  896.1
  175.0  5.383E+09  8.750E+09  6.466E+08 5.857E-13  900.2
  176.0  5.254E+09  8.413E+09  6.166E+08 5.649E-13  904.2
  177.0  5.130E+09  8.092E+09  5.882E+08 5.451E-13  908.2
  178.0  5.009E+09  7.786E+09  5.614E+08 5.262E-13  912.0
  179.0  4.892E+09  7.493E+09  5.360E+08 5.081E-13  915.7
  180.0  4.779E+09  7.213E+09  5.119E+08 4.907E-13  919.3
  181.0  4.670E+09  6.946E+09  4.891E+08 4.741E-13  922.9
  182.0  4.563E+09  6.689E+09  4.675E+08 4.582E-13  926.3
  183.0  4.460E+09  6.444E+09  4.470E+08 4.429E-13  929.6
  184.0  4.360E+09  6.210E+09  4.275E+08 4.283E-13  932.9
  185.0  4.263E+09  5.985E+09  4.090E+08 4.142E-13  936.1
  186.0  4.169E+09  5.770E+09  3.915E+08 4.008E-13  939.2
  187.0  4.078E+09  5.564E+09  3.748E+08 3.878E-13  942.2
  188.0  3.989E+09  5.366E+09  3.589E+08 3.754E-13  945.2
  189.0  3.902E+09  5.176E+09  3.437E+08 3.634E-13  948.0
  190.0  3.819E+09  4.994E+09  3.294E+08 3.519E-13  950.8
  191.0  3.737E+09  4.819E+09  3.157E+08 3.409E-13  953.6
  192.0  3.658E+09  4.651E+09  3.026E+08 3.302E-13  956.2
  193.0  3.580E+09  4.490E+09  2.902E+08 3.200E-13  958.8
  194.0  3.505E+09  4.335E+09  2.783E+08 3.102E-13  961.3
  195.0  3.432E+09  4.187E+09  2.670E+08 3.007E-13  963.8
  196.0  3.361E+09  4.043E+09  2.562E+08 2.915E-13  966.2
  197.0  3.292E+09  3.906E+09  2.459E+08 2.827E-13  968.5
  198.0  3.224E+09  3.774E+09  2.360E+08 2.743E-13  970.8
  199.0  3.158E+09  3.646E+09  2.266E+08 2.661E-13  973.0
  200.0  3.094E+09  3.524E+09  2.177E+08 2.582E-13  975.2
  201.0  3.032E+09  3.406E+09  2.091E+08 2.506E-13  977.3
  202.0  2.971E+09  3.293E+09  2.009E+08 2.432E-13  979.3
  203.0  2.912E+09  3.183E+09  1.930E+08 2.361E-13  981.3
  204.0  2.854E+09  3.078E+09  1.855E+08 2.293E-13  983.3
  205.0  2.797E+09  2.977E+09  1.784E+08 2.227E-13  985.2
  206.0  2.742E+09  2.879E+09  1.715E+08 2.163E-13  987.0
  207.0  2.688E+09  2.785E+09  1.649E+08 2.101E-13  988.8
  208.0  2.636E+09  2.694E+09  1.586E+08 2.041E-13  990.6
  209.0  2.584E+09  2.607E+09  1.526E+08 1.984E-13  992.3
  210.0  2.534E+09  2.522E+09  1.468E+08 1.928E-13  993.9
  211.0  2.485E+09  2.441E+09  1.412E+08 1.874E-13  995.6
  212.0  2.438E+09  2.362E+09  1.359E+08 1.822E-13  997.1
  213.0  2.391E+09  2.287E+09  1.308E+08 1.772E-13  998.7
  214.0  2.345E+09  2.213E+09  1.259E+08 1.723E-13 1000.2
  215.0  2.301E+09  2.143E+09  1.212E+08 1.676E-13 1001.7
  216.0  2.257E+09  2.075E+09  1.167E+08 1.630E-13 1003.1
  217.0  2.215E+09  2.009E+09  1.124E+08 1.586E-13 1004.5
  218.0  2.173E+09  1.945E+09  1.083E+08 1.543E-13 1005.8
  219.0  2.132E+09  1.884E+09  1.043E+08 1.501E-13 1007.2
  220.0  2.093E+09  1.825E+09  1.005E+08 1.461E-13 1008.5
  221.0  2.054E+09  1.768E+09  9.681E+07 1.422E-13 1009.7
  222.0  2.016E+09  1.712E+09  9.329E+07 1.384E-13 1010.9
  223.0  1.978E+09  1.659E+09  8.990E+07 1.347E-13 1012.1
  224.0  1.942E+09  1.607E+09  8.664E+07 1.312E-13 1013.3
  225.0  1.906E+09  1.557E+09  8.352E+07 1.278E-13 1014.4
  226.0  1.871E+09  1.509E+09  8.051E+07 1.244E-13 1015.5
  227.0  1.837E+09  1.462E+09  7.762E+07 1.212E-13 1016.6
  228.0  1.804E+09  1.417E+09  7.484E+07 1.180E-13 1017.7
  229.0  1.771E+09  1.373E+09  7.217E+07 1.150E-13 1018.7
  230.0  1.739E+09  1.331E+09  6.959E+07 1.120E-13 1019.7
  231.0  1.707E+09  1.290E+09  6.712E+07 1.092E-13 1020.7
  232.0  1.676E+09  1.251E+09  6.474E+07 1.064E-13 1021.6
  233.0  1.646E+09  1.213E+09  6.245E+07 1.037E-13 1022.5
  234.0  1.617E+09  1.176E+09  6.025E+07 1.010E-13 1023.4
  235.0  1.588E+09  1.140E+09  5.812E+07 9.849E-14 1024.3
  236.0  1.559E+09  1.105E+09  5.608E+07 9.601E-14 1025.2
  237.0  1.532E+09  1.072E+09  5.412E+07 9.360E-14 1026.0
  238.0  1.504E+09  1.039E+09  5.222E+07 9.127E-14 1026.8
  239.0  1.478E+09  1.008E+09  5.040E+07 8.900E-14 1027.6
  240.0  1.452E+09  9.773E+08  4.864E+07 8.679E-14 1028.4
  241.0  1.426E+09  9.479E+08  4.695E+07 8.465E-14 1029.1
  242.0  1.401E+09  9.193E+08  4.532E+07 8.256E-14 1029.9
  243.0  1.376E+09  8.917E+08  4.375E+07 8.054E-14 1030.6
  244.0  1.352E+09  8.650E+08  4.224E+07 7.857E-14 1031.3
  245.0  1.328E+09  8.391E+08  4.078E+07 7.665E-14 1032.0
  246.0  1.305E+09  8.140E+08  3.937E+07 7.479E-14 1032.6
  247.0  1.282E+09  7.897E+08  3.802E+07 7.298E-14 1033.3
  248.0  1.260E+09  7.661E+08  3.671E+07 7.122E-14 1033.9
  249.0  1.238E+09  7.433E+08  3.545E+07 6.951E-14 1034.5
  250.0  1.217E+09  7.212E+08  3.424E+07 6.784E-14 1035.1
  251.0  1.195E+09  6.998E+08  3.307E+07 6.622E-14 1035.7
  252.0  1.175E+09  6.790E+08  3.194E+07 6.464E-14 1036.3
  253.0  1.154E+09  6.589E+08  3.086E+07 6.311E-14 1036.8
  254.0  1.135E+09  6.394E+08  2.981E+07 6.161E-14 1037.4
  255.0  1.115E+09  6.205E+08  2.879E+07 6.016E-14 1037.9
  256.0  1.096E+09  6.022E+08  2.782E+07 5.874E-14 1038.4
  257.0  1.077E+09  5.844E+08  2.687E+07 5.737E-14 1038.9
  258.0  1.059E+09  5.672E+08  2.596E+07 5.602E-14 1039.4
  259.0  1.040E+09  5.506E+08  2.509E+07 5.472E-14 1039.9
  260.0  1.023E+09  5.344E+08  2.424E+07 5.345E-14 1040.3
  261.0  1.005E+09  5.187E+08  2.342E+07 5.221E-14 1040.8
  262.0  9.881E+08  5.035E+08  2.263E+07 5.100E-14 1041.2
  263.0  9.712E+08  4.887E+08  2.187E+07 4.983E-14 1041.6
  264.0  9.547E+08  4.744E+08  2.114E+07 4.868E-14 1042.1
  265.0  9.385E+08  4.606E+08  2.043E+07 4.757E-14 1042.5
  266.0  9.226E+08  4.471E+08  1.974E+07 4.648E-14 1042.9
  267.0  9.070E+08  4.341E+08  1.908E+07 4.542E-14 1043.3
  268.0  8.916E+08  4.214E+08  1.845E+07 4.439E-14 1043.6
  269.0  8.766E+08  4.092E+08  1.783E+07 4.339E-14 1044.0
  270.0  8.618E+08  3.973E+08  1.724E+07 4.241E-14 1044.4
  271.0  8.472E+08  3.857E+08  1.666E+07 4.145E-14 1044.7
  272.0  8.330E+08  3.745E+08  1.611E+07 4.052E-14 1045.1
  273.0  8.190E+08  3.637E+08  1.557E+07 3.961E-14 1045.4
  274.0  8.052E+08  3.531E+08  1.505E+07 3.873E-14 1045.7
  275.0  7.917E+08  3.429E+08  1.455E+07 3.787E-14 1046.0
  276.0  7.784E+08  3.330E+08  1.407E+07 3.703E-14 1046.4
  277.0  7.654E+08  3.234E+08  1.361E+07 3.621E-14 1046.7
  278.0  7.526E+08  3.140E+08  1.316E+07 3.541E-14 1046.9
  279.0  7.400E+08  3.050E+08  1.272E+07 3.463E-14 1047.2
  280.0  7.276E+08  2.962E+08  1.230E+07 3.387E-14 1047.5
  281.0  7.155E+08  2.876E+08  1.190E+07 3.312E-14 1047.8
  282.0  7.036E+08  2.793E+08  1.150E+07 3.240E-14 1048.1
  283.0  6.918E+08  2.713E+08  1.112E+07 3.169E-14 1048.3
  284.0  6.803E+08  2.635E+08  1.076E+07 3.100E-14 1048.6
  285.0  6.690E+08  2.559E+08  1.040E+07 3.033E-14 1048.8
  286.0  6.579E+08  2.486E+08  1.006E+07 2.968E-14 1049.1
  287.0  6.470E+08  2.415E+08  9.732E+06 2.904E-14 1049.3
  288.0  6.363E+08  2.345E+08  9.413E+06 2.841E-14 1049.5
  289.0  6.257E+08  2.278E+08  9.105E+06 2.780E-14 1049.7
  290.0  6.154E+08  2.213E+08  8.806E+06 2.721E-14 1050.0
  291.0  6.052E+08  2.150E+08  8.518E+06 2.662E-14 1050.2
  292.0  5.952E+08  2.088E+08  8.240E+06 2.606E-14 1050.4
  293.0  5.853E+08  2.029E+08  7.970E+06 2.550E-14 1050.6
  294.0  5.757E+08  1.971E+08  7.710E+06 2.496E-14 1050.8
  295.0  5.662E+08  1.914E+08  7.459E+06 2.443E-14 1051.0
  296.0  5.569E+08  1.860E+08  7.215E+06 2.392E-14 1051.2
  297.0  5.477E+08  1.807E+08  6.980E+06 2.342E-14 1051.3
  298.0  5.387E+08  1.755E+08  6.753E+06 2.292E-14 1051.5
  299.0  5.298E+08  1.705E+08  6.533E+06 2.244E-14 1051.7
  300.0  5.211E+08  1.657E+08  6.321E+06 2.197E-14 1051.9
  301.0  5.125E+08  1.610E+08  6.115E+06 2.152E-14 1052.0
  302.0  5.041E+08  1.564E+08  5.917E+06 2.107E-14 1052.2
  303.0  4.958E+08  1.520E+08  5.725E+06 2.063E-14 1052.3
  304.0  4.877E+08  1.476E+08  5.539E+06 2.020E-14 1052.5
  305.0  4.797E+08  1.435E+08  5.359E+06 1.979E-14 1052.6
  306.0  4.719E+08  1.394E+08  5.186E+06 1.938E-14 1052.8
  307.0  4.642E+08  1.354E+08  5.018E+06 1.898E-14 1052.9
  308.0  4.566E+08  1.316E+08  4.855E+06 1.859E-14 1053.1
  309.0  4.491E+08  1.279E+08  4.698E+06 1.821E-14 1053.2
  310.0  4.418E+08  1.243E+08  4.547E+06 1.784E-14 1053.3
  311.0  4.346E+08  1.207E+08  4.400E+06 1.748E-14 1053.5
  312.0  4.275E+08  1.173E+08  4.258E+06 1.712E-14 1053.6
  313.0  4.205E+08  1.140E+08  4.120E+06 1.677E-14 1053.7
  314.0  4.137E+08  1.108E+08  3.987E+06 1.643E-14 1053.8
  315.0  4.070E+08  1.077E+08  3.859E+06 1.610E-14 1053.9
  316.0  4.004E+08  1.046E+08  3.735E+06 1.578E-14 1054.1
  317.0  3.938E+08  1.017E+08  3.614E+06 1.546E-14 1054.2
  318.0  3.874E+08  9.882E+07  3.498E+06 1.515E-14 1054.3
  319.0  3.812E+08  9.604E+07  3.386E+06 1.485E-14 1054.4
  320.0  3.750E+08  9.334E+07  3.277E+06 1.455E-14 1054.5
  321.0  3.689E+08  9.071E+07  3.171E+06 1.426E-14 1054.6
  322.0  3.629E+08  8.816E+07  3.070E+06 1.398E-14 1054.7
  323.0  3.570E+08  8.568E+07  2.971E+06 1.370E-14 1054.8
  324.0  3.513E+08  8.327E+07  2.876E+06 1.343E-14 1054.9
  325.0  3.456E+08  8.093E+07  2.783E+06 1.317E-14 1055.0
  326.0  3.400E+08  7.866E+07  2.694E+06 1.291E-14 1055.0
  327.0  3.345E+08  7.646E+07  2.608E+06 1.265E-14 1055.1
  328.0  3.291E+08  7.431E+07  2.524E+06 1.240E-14 1055.2
  329.0  3.238E+08  7.223E+07  2.444E+06 1.216E-14 1055.3
  330.0  3.185E+08  7.020E+07  2.365E+06 1.192E-14 1055.4
  331.0  3.134E+08  6.824E+07  2.290E+06 1.169E-14 1055.5
  332.0  3.083E+08  6.633E+07  2.217E+06 1.146E-14 1055.5
  333.0  3.034E+08  6.447E+07  2.146E+06 1.124E-14 1055.6
  334.0  2.985E+08  6.267E+07  2.077E+06 1.102E-14 1055.7
  335.0  2.937E+08  6.091E+07  2.011E+06 1.081E-14 1055.8
  336.0  2.890E+08  5.921E+07  1.947E+06 1.060E-14 1055.8
  337.0  2.843E+08  5.756E+07  1.885E+06 1.040E-14 1055.9
  338.0  2.797E+08  5.595E+07  1.825E+06 1.020E-14 1056.0
  339.0  2.752E+08  5.439E+07  1.767E+06 1.000E-14 1056.0
  340.0  2.708E+08  5.287E+07  1.710E+06 9.810E-15 1056.1
  341.0  2.665E+08  5.140E+07  1.656E+06 9.623E-15 1056.1
  342.0  2.622E+08  4.996E+07  1.603E+06 9.439E-15 1056.2
  343.0  2.580E+08  4.857E+07  1.552E+06 9.259E-15 1056.3
  344.0  2.538E+08  4.722E+07  1.503E+06 9.083E-15 1056.3
  345.0  2.498E+08  4.590E+07  1.455E+06 8.911E-15 1056.4
  346.0  2.458E+08  4.462E+07  1.409E+06 8.743E-15 1056.4
  347.0  2.418E+08  4.338E+07  1.364E+06 8.577E-15 1056.5
  348.0  2.380E+08  4.217E+07  1.321E+06 8.416E-15 1056.5
  349.0  2.341E+08  4.100E+07  1.279E+06 8.257E-15 1056.6
  350.0  2.304E+08  3.986E+07  1.238E+06 8.102E-15 1056.6
  351.0  2.267E+08  3.875E+07  1.199E+06 7.950E-15 1056.7
  352.0  2.231E+08  3.768E+07  1.161E+06 7.802E-15 1056.7
  353.0  2.195E+08  3.663E+07  1.124E+06 7.656E-15 1056.8
  354.0  2.160E+08  3.561E+07  1.089E+06 7.513E-15 1056.8
  355.0  2.126E+08  3.463E+07  1.054E+06 7.373E-15 1056.9
  356.0  2.092E+08  3.367E+07  1.021E+06 7.236E-15 1056.9
  357.0  2.058E+08  3.273E+07  9.885E+05 7.102E-15 1056.9
  358.0  2.026E+08  3.183E+07  9.572E+05 6.971E-15 1057.0
  359.0  1.993E+08  3.094E+07  9.269E+05 6.842E-15 1057.0
  360.0  1.962E+08  3.009E+07  8.976E+05 6.716E-15 1057.1
  361.0  1.930E+08  2.925E+07  8.693E+05 6.592E-15 1057.1
  362.0  1.900E+08  2.844E+07  8.418E+05 6.471E-15 1057.1
  363.0  1.869E+08  2.766E+07  8.153E+05 6.352E-15 1057.2
  364.0  1.840E+08  2.689E+07  7.895E+05 6.236E-15 1057.2
  365.0  1.810E+08  2.615E+07  7.646E+05 6.122E-15 1057.2
  366.0  1.782E+08  2.543E+07  7.405E+05 6.010E-15 1057.3
  367.0  1.753E+08  2.472E+07  7.172E+05 5.901E-15 1057.3
  368.0  1.725E+08  2.404E+07  6.946E+05 5.794E-15 1057.3
  369.0  1.698E+08  2.338E+07  6.727E+05 5.689E-15 1057.4
  370.0  1.671E+08  2.273E+07  6.515E+05 5.585E-15 1057.4
  371.0  1.644E+08  2.211E+07  6.310E+05 5.484E-15 1057.4
  372.0  1.618E+08  2.150E+07  6.112E+05 5.385E-15 1057.4
  373.0  1.593E+08  2.090E+07  5.919E+05 5.288E-15 1057.5
  374.0  1.567E+08  2.033E+07  5.733E+05 5.193E-15 1057.5
  375.0  1.543E+08  1.977E+07  5.553E+05 5.100E-15 1057.5
  376.0  1.518E+08  1.922E+07  5.379E+05 5.008E-15 1057.6
  377.0  1.494E+08  1.869E+07  5.210E+05 4.919E-15 1057.6
  378.0  1.470E+08  1.818E+07  5.046E+05 4.831E-15 1057.6
  379.0  1.447E+08  1.768E+07  4.888E+05 4.745E-15 1057.6
  380.0  1.424E+08  1.719E+07  4.734E+05 4.660E-15 1057.6
  381.0  1.402E+08  1.672E+07  4.586E+05 4.577E-15 1057.7
  382.0  1.380E+08  1.626E+07  4.442E+05 4.496E-15 1057.7
  383.0  1.358E+08  1.581E+07  4.303E+05 4.416E-15 1057.7
  384.0  1.336E+08  1.538E+07  4.168E+05 4.338E-15 1057.7
  385.0  1.315E+08  1.496E+07  4.037E+05 4.261E-15 1057.8
  386.0  1.294E+08  1.455E+07  3.911E+05 4.186E-15 1057.8
  387.0  1.274E+08  1.415E+07  3.788E+05 4.112E-15 1057.8
  388.0  1.254E+08  1.376E+07  3.670E+05 4.040E-15 1057.8
  389.0  1.234E+08  1.338E+07  3.555E+05 3.969E-15 1057.8
  390.0  1.215E+08  1.301E+07  3.444E+05 3.899E-15 1057.9
  391.0  1.196E+08  1.266E+07  3.336E+05 3.831E-15 1057.9
  392.0  1.177E+08  1.231E+07  3.232E+05 3.764E-15 1057.9
  393.0  1.158E+08  1.197E+07  3.131E+05 3.698E-15 1057.9
  394.0  1.140E+08  1.165E+07  3.033E+05 3.634E-15 1057.9
  395.0  1.122E+08  1.133E+07  2.938E+05 3.570E-15 1057.9
  396.0  1.104E+08  1.102E+07  2.847E+05 3.508E-15 1058.0
  397.0  1.087E+08  1.072E+07  2.758E+05 3.447E-15 1058.0
  398.0  1.070E+08  1.042E+07  2.672E+05 3.388E-15 1058.0
  399.0  1.053E+08  1.014E+07  2.589E+05 3.329E-15 1058.0
  400.0  1.037E+08  9.861E+06  2.508E+05 3.272E-15 1058.0
  401.0  1.020E+08  9.591E+06  2.430E+05 3.215E-15 1058.0
  402.0  1.004E+08  9.329E+06  2.354E+05 3.160E-15 1058.0
  403.0  9.885E+07  9.075E+06  2.281E+05 3.105E-15 1058.1
  404.0  9.730E+07  8.827E+06  2.210E+05 3.052E-15 1058.1
  405.0  9.577E+07  8.586E+06  2.141E+05 3.000E-15 1058.1
  406.0  9.427E+07  8.352E+06  2.074E+05 2.948E-15 1058.1
  407.0  9.279E+07  8.124E+06  2.010E+05 2.898E-15 1058.1
  408.0  9.134E+07  7.903E+06  1.947E+05 2.848E-15 1058.1
  409.0  8.990E+07  7.687E+06  1.887E+05 2.800E-15 1058.1
  410.0  8.850E+07  7.478E+06  1.828E+05 2.752E-15 1058.1
  411.0  8.711E+07  7.274E+06  1.771E+05 2.705E-15 1058.1
  412.0  8.575E+07  7.076E+06  1.716E+05 2.659E-15 1058.2
  413.0  8.440E+07  6.884E+06  1.663E+05 2.614E-15 1058.2
  414.0  8.308E+07  6.696E+06  1.611E+05 2.570E-15 1058.2
  415.0  8.179E+07  6.514E+06  1.561E+05 2.526E-15 1058.2
  416.0  8.051E+07  6.337E+06  1.513E+05 2.484E-15 1058.2
  417.0  7.925E+07  6.165E+06  1.466E+05 2.442E-15 1058.2
  418.0  7.801E+07  5.997E+06  1.421E+05 2.401E-15 1058.2
  419.0  7.679E+07  5.834E+06  1.377E+05 2.360E-15 1058.2
  420.0  7.559E+07  5.676E+06  1.334E+05 2.321E-15 1058.2
  421.0  7.441E+07  5.522E+06  1.293E+05 2.282E-15 1058.2
  422.0  7.325E+07  5.372E+06  1.253E+05 2.243E-15 1058.3
  423.0  7.211E+07  5.226E+06  1.214E+05 2.206E-15 1058.3
  424.0  7.098E+07  5.084E+06  1.176E+05 2.169E-15 1058.3
  425.0  6.988E+07  4.947E+06  1.140E+05 2.133E-15 1058.3
  426.0  6.879E+07  4.813E+06  1.105E+05 2.097E-15 1058.3
  427.0  6.772E+07  4.682E+06  1.071E+05 2.062E-15 1058.3
  428.0  6.666E+07  4.555E+06  1.037E+05 2.028E-15 1058.3
  429.0  6.562E+07  4.432E+06  1.005E+05 1.994E-15 1058.3
  430.0  6.460E+07  4.312E+06  9.743E+04 1.961E-15 1058.3
  431.0  6.360E+07  4.195E+06  9.443E+04 1.929E-15 1058.3
  432.0  6.261E+07  4.082E+06  9.151E+04 1.897E-15 1058.3
  433.0  6.163E+07  3.971E+06  8.869E+04 1.865E-15 1058.3
  434.0  6.068E+07  3.864E+06  8.595E+04 1.835E-15 1058.3
  435.0  5.973E+07  3.759E+06  8.330E+04 1.804E-15 1058.3
  436.0  5.881E+07  3.658E+06  8.073E+04 1.775E-15 1058.4
  437.0  5.789E+07  3.559E+06  7.824E+04 1.746E-15 1058.4
  438.0  5.699E+07  3.463E+06  7.583E+04 1.717E-15 1058.4
  439.0  5.611E+07  3.369E+06  7.350E+04 1.689E-15 1058.4
  440.0  5.524E+07  3.278E+06  7.123E+04 1.661E-15 1058.4
  441.0  5.438E+07  3.190E+06  6.904E+04 1.634E-15 1058.4
  442.0  5.354E+07  3.104E+06  6.692E+04 1.607E-15 1058.4
  443.0  5.271E+07  3.020E+06  6.486E+04 1.581E-15 1058.4
  444.0  5.189E+07  2.939E+06  6.286E+04 1.555E-15 1058.4
  445.0  5.109E+07  2.859E+06  6.093E+04 1.530E-15 1058.4
  446.0  5.029E+07  2.782E+06  5.906E+04 1.505E-15 1058.4
  447.0  4.952E+07  2.707E+06  5.724E+04 1.481E-15 1058.4
  448.0  4.875E+07  2.635E+06  5.548E+04 1.456E-15 1058.4
  449.0  4.800E+07  2.564E+06  5.378E+04 1.433E-15 1058.4
  450.0  4.725E+07  2.495E+06  5.213E+04 1.410E-15 1058.4
  451.0  4.652E+07  2.427E+06  5.053E+04 1.387E-15 1058.4
  452.0  4.580E+07  2.362E+06  4.898E+04 1.364E-15 1058.4
  453.0  4.509E+07  2.299E+06  4.748E+04 1.342E-15 1058.4
  454.0  4.440E+07  2.237E+06  4.602E+04 1.321E-15 1058.4
  455.0  4.371E+07  2.177E+06  4.461E+04 1.300E-15 1058.4
  456.0  4.304E+07  2.118E+06  4.324E+04 1.279E-15 1058.4
  457.0  4.237E+07  2.061E+06  4.192E+04 1.258E-15 1058.4
  458.0  4.172E+07  2.006E+06  4.063E+04 1.238E-15 1058.5
  459.0  4.107E+07  1.952E+06  3.939E+04 1.218E-15 1058.5
  460.0  4.044E+07  1.900E+06  3.818E+04 1.199E-15 1058.5
  461.0  3.982E+07  1.849E+06  3.702E+04 1.179E-15 1058.5
  462.0  3.920E+07  1.799E+06  3.588E+04 1.161E-15 1058.5
  463.0  3.860E+07  1.751E+06  3.479E+04 1.142E-15 1058.5
  464.0  3.800E+07  1.704E+06  3.372E+04 1.124E-15 1058.5
  465.0  3.742E+07  1.658E+06  3.269E+04 1.106E-15 1058.5
  466.0  3.684E+07  1.614E+06  3.169E+04 1.088E-15 1058.5
  467.0  3.628E+07  1.571E+06  3.072E+04 1.071E-15 1058.5
  468.0  3.572E+07  1.529E+06  2.979E+04 1.054E-15 1058.5
  469.0  3.517E+07  1.488E+06  2.888E+04 1.038E-15 1058.5
  470.0  3.463E+07  1.448E+06  2.800E+04 1.021E-15 1058.5
  471.0  3.410E+07  1.409E+06  2.714E+04 1.005E-15 1058.5
  472.0  3.357E+07  1.372E+06  2.631E+04 9.891E-16 1058.5
  473.0  3.306E+07  1.335E+06  2.551E+04 9.735E-16 1058.5
  474.0  3.255E+07  1.299E+06  2.473E+04 9.582E-16 1058.5
  475.0  3.205E+07  1.265E+06  2.398E+04 9.431E-16 1058.5
  476.0  3.156E+07  1.231E+06  2.325E+04 9.282E-16 1058.5
  477.0  3.107E+07  1.198E+06  2.254E+04 9.137E-16 1058.5
  478.0  3.059E+07  1.166E+06  2.185E+04 8.993E-16 1058.5
  479.0  3.013E+07  1.135E+06  2.119E+04 8.852E-16 1058.5
  480.0  2.966E+07  1.105E+06  2.054E+04 8.714E-16 1058.5
  481.0  2.921E+07  1.075E+06  1.992E+04 8.578E-16 1058.5
  482.0  2.876E+07  1.046E+06  1.931E+04 8.444E-16 1058.5
  483.0  2.832E+07  1.019E+06  1.873E+04 8.312E-16 1058.5
  484.0  2.789E+07  9.914E+05  1.816E+04 8.182E-16 1058.5
  485.0  2.746E+07  9.650E+05  1.761E+04 8.055E-16 1058.5
  486.0  2.704E+07  9.393E+05  1.707E+04 7.930E-16 1058.5
  487.0  2.663E+07  9.143E+05  1.655E+04 7.807E-16 1058.5
  488.0  2.622E+07  8.899E+05  1.605E+04 7.685E-16 1058.5
  489.0  2.582E+07  8.662E+05  1.556E+04 7.566E-16 1058.5
  490.0  2.542E+07  8.432E+05  1.509E+04 7.449E-16 1058.5
  491.0  2.503E+07  8.208E+05  1.463E+04 7.334E-16 1058.5
  492.0  2.465E+07  7.990E+05  1.419E+04 7.221E-16 1058.5
  493.0  2.427E+07  7.777E+05  1.376E+04 7.109E-16 1058.5
  494.0  2.390E+07  7.571E+05  1.334E+04 7.000E-16 1058.5
  495.0  2.354E+07  7.369E+05  1.294E+04 6.892E-16 1058.5
  496.0  2.318E+07  7.174E+05  1.255E+04 6.786E-16 1058.5
  497.0  2.283E+07  6.983E+05  1.217E+04 6.681E-16 1058.5
  498.0  2.248E+07  6.798E+05  1.180E+04 6.579E-16 1058.5
  499.0  2.214E+07  6.618E+05  1.144E+04 6.478E-16 1058.5
  500.0  2.180E+07  6.442E+05  1.109E+04 6.379E-16 1058.5
  501.0  2.147E+07  6.271E+05  1.076E+04 6.281E-16 1058.5
  502.0  2.114E+07  6.105E+05  1.043E+04 6.185E-16 1058.5
  503.0  2.082E+07  5.943E+05  1.012E+04 6.091E-16 1058.5
  504.0  2.050E+07  5.786E+05  9.812E+03 5.998E-16 1058.5
  505.0  2.019E+07  5.633E+05  9.516E+03 5.906E-16 1058.5
  506.0  1.988E+07  5.483E+05  9.229E+03 5.816E-16 1058.6
  507.0  1.958E+07  5.338E+05  8.950E+03 5.728E-16 1058.6
  508.0  1.928E+07  5.197E+05  8.680E+03 5.641E-16 1058.6
  509.0  1.899E+07  5.060E+05  8.418E+03 5.555E-16 1058.6
  510.0  1.870E+07  4.926E+05  8.164E+03 5.471E-16 1058.6
  511.0  1.841E+07  4.795E+05  7.918E+03 5.388E-16 1058.6
  512.0  1.813E+07  4.669E+05  7.679E+03 5.307E-16 1058.6
  513.0  1.786E+07  4.545E+05  7.447E+03 5.226E-16 1058.6
  514.0  1.759E+07  4.425E+05  7.223E+03 5.148E-16 1058.6
  515.0  1.732E+07  4.308E+05  7.005E+03 5.070E-16 1058.6
  516.0  1.706E+07  4.195E+05  6.794E+03 4.994E-16 1058.6
  517.0  1.680E+07  4.084E+05  6.590E+03 4.918E-16 1058.6
  518.0  1.654E+07  3.976E+05  6.392E+03 4.845E-16 1058.6
  519.0  1.629E+07  3.871E+05  6.199E+03 4.772E-16 1058.6
  520.0  1.605E+07  3.769E+05  6.013E+03 4.700E-16 1058.6
  521.0  1.580E+07  3.670E+05  5.832E+03 4.630E-16 1058.6
  522.0  1.556E+07  3.573E+05  5.657E+03 4.560E-16 1058.6
  523.0  1.533E+07  3.479E+05  5.487E+03 4.492E-16 1058.6
  524.0  1.510E+07  3.387E+05  5.322E+03 4.425E-16 1058.6
  525.0  1.487E+07  3.298E+05  5.162E+03 4.359E-16 1058.6
  526.0  1.464E+07  3.211E+05  5.007E+03 4.294E-16 1058.6
  527.0  1.442E+07  3.127E+05  4.857E+03 4.230E-16 1058.6
  528.0  1.420E+07  3.045E+05  4.711E+03 4.167E-16 1058.6
  529.0  1.399E+07  2.964E+05  4.569E+03 4.106E-16 1058.6
  530.0  1.378E+07  2.886E+05  4.432E+03 4.045E-16 1058.6
  531.0  1.357E+07  2.811E+05  4.299E+03 3.985E-16 1058.6
  532.0  1.336E+07  2.737E+05  4.171E+03 3.926E-16 1058.6
  533.0  1.316E+07  2.665E+05  4.046E+03 3.868E-16 1058.6
  534.0  1.296E+07  2.595E+05  3.924E+03 3.810E-16 1058.6
  535.0  1.277E+07  2.527E+05  3.807E+03 3.754E-16 1058.6
  536.0  1.258E+07  2.460E+05  3.693E+03 3.699E-16 1058.6
  537.0  1.239E+07  2.396E+05  3.582E+03 3.644E-16 1058.6
  538.0  1.220E+07  2.333E+05  3.475E+03 3.591E-16 1058.6
  539.0  1.202E+07  2.272E+05  3.371E+03 3.538E-16 1058.6
  540.0  1.183E+07  2.212E+05  3.270E+03 3.486E-16 1058.6
  541.0  1.166E+07  2.154E+05  3.173E+03 3.435E-16 1058.6
  542.0  1.148E+07  2.098E+05  3.078E+03 3.385E-16 1058.6
  543.0  1.131E+07  2.043E+05  2.986E+03 3.335E-16 1058.6
  544.0  1.114E+07  1.989E+05  2.897E+03 3.286E-16 1058.6
  545.0  1.097E+07  1.937E+05  2.810E+03 3.239E-16 1058.6
  546.0  1.081E+07  1.887E+05  2.726E+03 3.191E-16 1058.6
  547.0  1.064E+07  1.837E+05  2.645E+03 3.145E-16 1058.6
  548.0  1.048E+07  1.789E+05  2.566E+03 3.099E-16 1058.6
  549.0  1.033E+07  1.742E+05  2.489E+03 3.054E-16 1058.6
  550.0  1.017E+07  1.697E+05  2.415E+03 3.010E-16 1058.6
  551.0  1.002E+07  1.652E+05  2.343E+03 2.966E-16 1058.6
  552.0  9.867E+06  1.609E+05  2.273E+03 2.923E-16 1058.6
  553.0  9.719E+06  1.567E+05  2.205E+03 2.881E-16 1058.6
  554.0  9.573E+06  1.526E+05  2.140E+03 2.839E-16 1058.6
  555.0  9.429E+06  1.486E+05  2.076E+03 2.798E-16 1058.6
  556.0  9.288E+06  1.448E+05  2.014E+03 2.758E-16 1058.6
  557.0  9.148E+06  1.410E+05  1.954E+03 2.718E-16 1058.6
  558.0  9.011E+06  1.373E+05  1.896E+03 2.679E-16 1058.6
  559.0  8.876E+06  1.337E+05  1.840E+03 2.641E-16 1058.6
  560.0  8.743E+06  1.302E+05  1.785E+03 2.603E-16 1058.6
  561.0  8.612E+06  1.268E+05  1.732E+03 2.566E-16 1058.6
  562.0  8.483E+06  1.235E+05  1.680E+03 2.529E-16 1058.6
  563.0  8.356E+06  1.203E+05  1.631E+03 2.493E-16 1058.6
  564.0  8.231E+06  1.172E+05  1.582E+03 2.457E-16 1058.6
  565.0  8.108E+06  1.141E+05  1.535E+03 2.422E-16 1058.6
  566.0  7.987E+06  1.112E+05  1.490E+03 2.388E-16 1058.6
  567.0  7.868E+06  1.083E+05  1.445E+03 2.354E-16 1058.6
  568.0  7.750E+06  1.055E+05  1.402E+03 2.320E-16 1058.6
  569.0  7.634E+06  1.027E+05  1.361E+03 2.287E-16 1058.6
  570.0  7.520E+06  1.000E+05  1.320E+03 2.255E-16 1058.6
  571.0  7.408E+06  9.745E+04  1.281E+03 2.223E-16 1058.6
  572.0  7.297E+06  9.491E+04  1.243E+03 2.191E-16 1058.6
  573.0  7.188E+06  9.245E+04  1.207E+03 2.161E-16 1058.6
  574.0  7.081E+06  9.005E+04  1.171E+03 2.130E-16 1058.6
  575.0  6.975E+06  8.771E+04  1.136E+03 2.100E-16 1058.6
  576.0  6.871E+06  8.543E+04  1.102E+03 2.071E-16 1058.6
  577.0  6.769E+06  8.322E+04  1.070E+03 2.041E-16 1058.6
  578.0  6.668E+06  8.106E+04  1.038E+03 2.013E-16 1058.6
  579.0  6.569E+06  7.896E+04  1.007E+03 1.985E-16 1058.6
  580.0  6.471E+06  7.691E+04  9.777E+02 1.957E-16 1058.6
  581.0  6.374E+06  7.492E+04  9.488E+02 1.929E-16 1058.6
  582.0  6.280E+06  7.298E+04  9.207E+02 1.903E-16 1058.6
  583.0  6.186E+06  7.109E+04  8.935E+02 1.876E-16 1058.6
  584.0  6.094E+06  6.925E+04  8.671E+02 1.850E-16 1058.6
  585.0  6.003E+06  6.745E+04  8.415E+02 1.824E-16 1058.6
  586.0  5.914E+06  6.571E+04  8.167E+02 1.799E-16 1058.6
  587.0  5.826E+06  6.401E+04  7.926E+02 1.774E-16 1058.6
  588.0  5.740E+06  6.235E+04  7.692E+02 1.749E-16 1058.6
  589.0  5.654E+06  6.074E+04  7.465E+02 1.725E-16 1058.6
  590.0  5.570E+06  5.917E+04  7.245E+02 1.701E-16 1058.6
  591.0  5.488E+06  5.764E+04  7.032E+02 1.678E-16 1058.6
  592.0  5.406E+06  5.615E+04  6.824E+02 1.655E-16 1058.6
  593.0  5.326E+06  5.470E+04  6.623E+02 1.632E-16 1058.6
  594.0  5.247E+06  5.329E+04  6.428E+02 1.610E-16 1058.6
  595.0  5.169E+06  5.191E+04  6.239E+02 1.587E-16 1058.6
  596.0  5.092E+06  5.057E+04  6.055E+02 1.566E-16 1058.6
  597.0  5.017E+06  4.927E+04  5.877E+02 1.544E-16 1058.6
  598.0  4.943E+06  4.800E+04  5.704E+02 1.523E-16 1058.6
  599.0  4.869E+06  4.676E+04  5.536E+02 1.502E-16 1058.6
  600.0  4.797E+06  4.556E+04  5.374E+02 1.482E-16 1058.6